    0  0.010480    108.58    110.80    111.73      -11837.16
    1  0.160060    108.58    110.39    110.65         -60.41
    2  0.004990    108.58    111.38    114.25        2636.54
    3  0.036000    108.58    114.16    125.20        4212.74
    4  2.000000    108.58    109.82    109.49          -0.39

    0    1  0.010480  0.160060    108.58    110.80    110.39    110.54       -1233.87
    0    2  0.010480  0.004990    108.58    110.80    111.38    112.25      -25812.99
    0    3  0.010480  0.036000    108.58    110.80    114.16    113.75       -6973.78
    0    4  0.010480  2.000000    108.58    110.80    109.82    110.44         -76.61
    1    2  0.160060  0.004990    108.58    110.39    111.38    111.06       -2660.19
    1    3  0.160060  0.036000    108.58    110.39    114.16    114.92        -181.84
    1    4  0.160060  2.000000    108.58    110.39    109.82    110.03          -5.02
    2    3  0.004990  0.036000    108.58    111.38    114.16    112.33      -25783.83
    2    4  0.004990  2.000000    108.58    111.38    109.82    111.02        -160.54
    3    4  0.036000  2.000000    108.58    114.16    109.82    113.80         -22.27

minVOF	N(Number of terms)	K(Number of Parameters)	:
    108.58       156         5
SD(Model_Strandard_Deviation)	HWCI_SD(half width of a 95onfidence Interval):
    0.8480    0.0952
ParaName	ParaValue	SDpara	HWCIpara	LowerBound	HigherBound
      0    0.1048    0.0153    0.0300    0.0748    0.1348
      1    1.6006    0.2617    0.5130    1.0876    2.1136
      2    0.0499    0.0070    0.0137    0.0362    0.0636
      3    0.3600    0.0270    0.0529    0.3071    0.4129

Hessian Matrix:
 -11837.16  -1233.87 -25812.99  -6973.78    -76.61
  -1233.87    -60.41  -2660.19   -181.84     -5.02
 -25812.99  -2660.19   2636.54 -25783.83   -160.54
  -6973.78   -181.84 -25783.83   4212.74    -22.27
    -76.61     -5.02   -160.54    -22.27     -0.39

Covariance Matrix:
       0.000235      -0.001306      -0.000072      -0.000108
      -0.001306       0.068495      -0.001089      -0.005871
      -0.000072      -0.001089       0.000049       0.000134
      -0.000108      -0.005871       0.000134       0.000727


Correlation Matrix:
       1.000000      -0.325620      -0.670514      -0.260530
      -0.325620       1.000000      -0.594903      -0.831912
      -0.670514      -0.594903       1.000000       0.707942
      -0.260530      -0.831912       0.707942       1.000000
