    1  0.008030    111.10    111.69    112.72        6970.62
    2  0.089990    111.10    110.37    109.98          42.47
    3  0.005050    111.10    112.73    116.15       70097.08
    4  0.036000    111.10    112.83    121.89        5653.84

    1    2  0.008030  0.089990    111.10    111.69    110.37    110.60        -490.74
    1    3  0.008030  0.005050    111.10    111.69    112.73    113.91       14664.39
    1    4  0.008030  0.036000    111.10    111.69    112.83    112.48       -3236.21
    2    3  0.089990  0.005050    111.10    110.37    112.73    111.70        -670.17
    2    4  0.089990  0.036000    111.10    110.37    112.83    112.81         218.70
    3    4  0.005050  0.036000    111.10    112.73    112.83    111.80      -14635.13

minVOF	N(Number of terms)	K(Number of Parameters)	:
    111.10       156         4
SD(Model_Strandard_Deviation)	HWCI_SD(half width of a 95onfidence Interval):
    0.8550    0.0957
ParaName	ParaValue	SDpara	HWCIpara	LowerBound	HigherBound
      0    0.0803    0.0645    0.1264   -0.0461    0.2067
      1    0.8999    0.6933    1.3588   -0.4589    2.2587
      2    0.0505    0.0125    0.0244    0.0261    0.0749
      3    0.3600    0.0291    0.0571    0.3029    0.4171

Hessian Matrix:
   6970.62   -490.74  14664.39  -3236.21
   -490.74     42.47   -670.17    218.70
  14664.39   -670.17  70097.08 -14635.13
  -3236.21    218.70 -14635.13   5653.84

Covariance Matrix:
       0.004159       0.042643      -0.000674      -0.001013
       0.042643       0.480599      -0.006770      -0.011706
      -0.000674      -0.006770       0.000155       0.000277
      -0.001013      -0.011706       0.000277       0.000849

Correlation Matrix:
       1.000000       0.953767      -0.839295      -0.539158
       0.953767       1.000000      -0.784246      -0.579369
      -0.839295      -0.784246       1.000000       0.764462
      -0.539158      -0.579369       0.764462       1.000000
