ParaName	ParaIncr		  ZX		   ZXh		   ZXhh		   HesM
    1  0.005200    108.62    108.94    109.16       -3501.96
    2  0.080875    108.62    108.79    108.79         -26.17
    3  0.002520    108.62    109.22    109.91       14863.18
    4  0.018000    108.62    109.48    112.44        6489.50

ParaX	ParaY	ParaXIncr	ParaYIncr		  ZXY		   ZXhY		   ZXYh		   ZXhYh		   HesM
    1    2  0.005200  0.080875    108.62    108.94    108.79    108.83        -661.21
    1    3  0.005200  0.002520    108.62    108.94    109.22    109.39      -10814.00
    1    4  0.005200  0.018000    108.62    108.94    109.48    109.45       -3677.68
    2    3  0.080875  0.002520    108.62    108.79    109.22    109.00       -1910.58
    2    4  0.080875  0.018000    108.62    108.79    109.48    109.68          18.44
    3    4  0.002520  0.018000    108.62    109.22    109.48    109.10      -21473.75

minVOF	N(Number of terms)	K(Number of Parameters)	:
    108.62       156         4

SD(Model_Strandard_Deviation)	HWCI_SD(half width of a 95onfidence Interval):
    0.8454    0.0946

ParaName	ParaValue	SDpara	HWCIpara	LowerBound	HigherBound
      1    0.1040    0.0202    0.0397    0.0643    0.1437
      2    1.6175    0.2123    0.4160    1.2015    2.0335
      3    0.0504    0.0076    0.0150    0.0354    0.0654
      4    0.3600    0.0232    0.0455    0.3145    0.4055

Hessian Matrix:
  -3501.96   -661.21 -10814.00  -3677.68
   -661.21    -26.17  -1910.58     18.44
 -10814.00  -1910.58  14863.18 -21473.75
  -3677.68     18.44 -21473.75   6489.50

Covariance Matrix:
       0.000409      -0.001249      -0.000126      -0.000182
      -0.001249       0.045051      -0.000972      -0.004052
      -0.000126      -0.000972       0.000058       0.000124
      -0.000182      -0.004052       0.000124       0.000538

Correlation Matrix:
       1.000000      -0.290789      -0.818214      -0.388761
      -0.290789       1.000000      -0.600204      -0.822997
      -0.818214      -0.600204       1.000000       0.699632
      -0.388761      -0.822997       0.699632       1.000000
