DTVGM_day/TopIndex/indem.asc.bak
ncols         203
nrows         150
xllcorner     946216.67687136
yllcorner     4394711.8948807
cellsize      100
NODATA_value  -9999
[rows 60 to 89 of 150, columns 67 to 133 of 203]
348.8647 311.8836 294.2001 283.7101 261.2404 252.3829 234.7691 239.9673 243.6129 256.1682 237.9958 256.5956 275.2636 334.8859 368.2561 338.7367 341.4444 382.3712 361.6457 332.6135 302.9061 247.1394 229.4595 247.0979 238.0185 248.6183 205.5887 210.2083 223.1279 204.2375 208.3506 236.9198 267.0645 337.3742 360.9964 371.3878 410.8555 353.6039 383.2984 400.5732 408.5206 376.2324 350.7778 316.1628 285.3534 300.736 273.9864 242.5901 282.7321 325.9612 376.8777 350.4986 320.5796 304.942 361.5659 398.0645 349.3227 296.0616 271.8488 329.0689 325.25 297.6311 291.4814 349.3948 355.4168 352.6871 378.7198
339.6528 298.2067 276.3082 277.4804 242.3339 238.7868 230 244.9654 240.029 233.5798 260.9623 275.3492 310.5828 326.0855 352.4216 382.2208 417.2975 376.2173 325.5146 299.5121 263.6256 243.0419 239.1199 262.0744 289.6548 276.2307 216.9995 205 206.3927 201.2216 212.1276 243.7426 277.2747 315.725 303.7038 327.9367 359.4837 324.5804 341.4947 408.6978 443.5589 393.9428 341.1411 310.6515 302.3871 256.0935 245.697 235.6615 278.9003 327.0588 302.0361 302.9247 271.4527 298.6026 348.6896 378.9822 317.0494 272.4952 260.5331 293.0833 273.6096 263.7656 266.3169 307.0077 305.9973 323.3934 315.674
338.7056 297.9771 272.7284 254.62 241.3159 225.5363 243.1024 246.6461 249.7449 263.7648 276.7912 310.3047 295.6126 362.5515 407.9543 420.024 409.8425 373.2558 330.3542 324.7199 314.3935 278.7965 286.7705 300.7692 301.3745 251.8836 219.0349 201.2408 201.2496 199.5458 236.9112 272.2315 318.2821 278.6973 268.3822 288.7915 293.7901 310.5639 354.1581 379.5696 442.9178 387.8548 350.9439 347.1948 314.8006 262.0946 233.8534 229.1635 257.4887 294.7388 263.4816 257.886 285.8859 350.3022 399.2652 410.1256 354.0602 285.4049 244.9355 250.3954 246.2414 237.4281 247.6611 258.2866 272.4263 268.8123 311.7659
291.5896 298.8097 264.3238 246.9826 234.6724 225 236.01 253.8151 273.0122 279.1234 298.2398 326.4797 348.2715 392.1662 441.3452 418.547 416.3039 420.8627 368.7498 360.0576 332.5993 291.0535 286.7678 273.8108 257.5103 232.5666 208.8249 198.1152 195 216.1109 292.7036 326.83 276.7771 247.6908 289.9193 317.2271 324.7905 330.9648 340.173 395.1964 436.8543 377.0951 346.7953 284.8254 270.3546 258.5335 225.7506 225.4446 276.4344 265.0388 236.6589 260.4102 323.6285 371.065 397.1761 416.6529 380.1632 303.7666 256.4012 228.4982 222.454 225.4854 240.9227 235.0395 242.5397 262.7645 257.8672
254.737 275.2273 259.3769 240.1437 225 230.3014 250.2788 284.1834 313.911 353.8116 321.3942 319.5186 343.1614 383.5527 421.9398 415.9721 397.3712 431.329 393.6923 352.914 320.3058 309.0294 308.2395 259.0576 226.7467 214.871 203.5483 194.9945 194.6921 233.6451 294.0953 278.4454 241.4713 237.1476 277.4464 342.7967 315.3274 340.1286 383.3282 380.3447 401.4839 333.9818 331.2215 298.2944 261.1714 226.7584 209.6851 236.6434 272.9921 217.3983 252.62 292.3631 341.2379 340.3844 345.0075 380.0644 384.0289 357.4498 274.4819 238.505 215.4256 210.6972 222.2569 221.1542 235.6689 230.0757 228.8698
233.916 259.0161 243.5799 225 225 252.3083 292.1906 294.2779 290.555 315.999 338.1004 354.2598 406.0266 425.1924 409.7731 413.0325 395.5196 390.2177 382.843 351.8253 333.1425 306.4292 266.4306 227.3017 229.1072 221.0862 203.1519 192.2868 194.5334 215.2776 228.3415 235.0223 220.3919 227.7945 290.0215 285.0558 278.8595 314.4255 388.2408 412.494 391.953 333.4484 313.2038 273.2636 259.6128 224.3871 207.299 232.6072 247.6172 214.4882 241.0462 287.7804 272.0569 286.1102 331.889 342.2467 337.0117 328.2244 269.7986 238.9345 212.9547 204.4441 204.0025 212.2371 224.6956 213.2156 201.8216
226.8313 262.8767 233.6951 224.9416 224.9416 238.5317 257.1135 274.9481 317.5077 313.9789 367.8436 402.9528 412.3704 416.1306 418.2641 401.0472 380.2668 367.4236 378.0645 350.131 332.4941 274.0436 222.3421 217.1462 205.7786 202.8344 197.8531 191.7225 191.1324 195.3592 202.1376 209.5448 221.8565 230.732 247.8438 275.2201 284.7259 324.4307 350.5675 372.4606 393.5979 386.4649 354.2812 347.3679 313.701 230.233 206.6144 207.0529 233.0857 202.9689 232.0655 224.9281 271.2776 302.0382 332.7564 287.621 278.3456 307.8881 254.8026 224.9365 204.5931 196.4185 196.3066 197.7593 200.1839 185.7313 189.9332
225 258.8173 232.7426 224.9592 229.3039 256.9269 290.487 324.4409 361.8231 364.2849 337.185 364.8002 389.3472 416.3426 435.1855 394.0661 366.1989 361.5219 361.2569 332.2212 302.1901 279.6191 228.5202 211.1878 202.2615 196.0687 194.4102 189.8187 189.8821 196.2761 211.5822 234.0176 231.0986 258.5671 279.7859 302.5365 300.8582 302.6801 350.6114 380.2315 411.0131 438.796 414.7641 386.0372 302.6964 251.6475 210.9361 193.3486 201.68 193.1841 207.9025 245.1339 232.2933 263.6854 266.0979 228.4895 222.9816 269.6742 226.117 204.3393 191.7728 185.9176 192.4649 190.9392 184.6123 176.5596 180
225 246.4209 226.1012 221.1522 229.3993 247.0544 272.7371 303.3114 359.4348 406.0475 400.1778 367.542 413.9923 440.8781 406.1307 381.7209 373.2667 330.7432 301.5849 278.5608 275.4215 283.6884 237.4668 232.1084 218.043 194.4269 189.5386 187.763 192.1195 193.7578 211.8174 241.625 279.6877 286.0813 281.0659 334.7043 351.7192 327.4993 349.0985 422.5291 462.0855 422.7888 341.6253 314.2183 302.4482 287.4673 244.9606 192.1567 184.8988 186.4149 193.493 195.4581 216.0244 204.2373 213.4185 204.509 220.28 234.9187 217.4016 205.2276 179.3082 181.3969 185.3885 185.0343 182.4255 171.6514 175.1812
221.9426 220.0137 222.0537 220.0044 249.5655 259.281 272.3046 301.2498 336.4467 385.8138 418.6955 423.4573 416.1586 410.1877 362.5676 368.3286 335.2653 285.3588 259.9294 236.1737 229.3184 245.1313 270.3221 275.6933 226.0231 191.5626 186.355 185.3788 194.4697 213.3433 211.4706 243.1111 271.4061 306.7492 349.3359 353.1233 383.0711 377.0108 403.576 445.0239 446.4603 372.8918 378.8101 315.4276 265.7995 240.02 214.728 194.7677 184.6453 180.158 175.8715 182.6002 179.423 185.4462 181.59 183.4762 214.3873 206.6144 186.8824 182.5858 174.0118 178.4622 182.8875 182.057 173.8482 171.7744 187.4101
224.0829 220 219.6912 220.0044 261.8905 283.6559 305.815 325.792 377.0627 387.8689 373.26 367.8928 371.7549 363.587 337.4907 289.1514 278.7538 246.8584 219.4866 215.1561 203.2085 209.257 252.474 230.8152 206.5167 190.6824 185 185 187.6926 195.2547 204.1755 224.858 253.209 265.6382 304.5337 324.3629 395.6328 381.456 375.3577 444.621 457.2813 374.4459 321.0701 349.4092 305.4595 245.6271 206.2433 192.5657 183.893 177.6992 172.305 180 177.6099 176.3277 172.6138 188.1195 226.782 191.2661 177.7315 173.5196 169.9936 176.9495 180.7303 180 175.337 170.292 171.8861
223.4849 219.9655 216.3413 225.3584 272.9333 327.6268 352.175 377.962 324.1545 322.926 319.4128 305.6902 303.2574 294.5996 325.4665 299.4584 259.4644 226.2 228.0787 216.6539 197.0839 193.9186 209.2614 207.3262 199.4743 190.8458 183.6848 182.7876 186.1269 189.8572 205.003 227.262 233.0641 250.7512 275.4422 332.4137 355.673 317.4587 362.8363 389.4438 435.007 366.9159 291.2067 278.3686 300.6211 238.2692 202.928 192.3714 185.0922 172.408 168.133 170.8833 175 168.3169 170.092 184.8032 184.8812 173.933 163.9089 166.493 165.786 175 176.759 172.2262 165.0333 166.5222 168.1349
223.4876 221.4119 215 217.1271 272.0587 294.8932 334.8275 315.4713 276.9095 283.5677 256.7307 263.5723 259.208 249.0452 295.3011 328.101 297.4081 255.5432 217.8876 204.6182 206.7307 189.2905 186.2482 189.6179 189.3903 184.2256 182.6938 181.1354 183.8664 190.622 204.8161 221.7737 235.435 261.4828 287.7289 345.5644 296.0584 279.9451 313.0624 329.3293 377.8414 378.3104 302.2336 240.3643 260.3518 214.9648 195 185.3147 180.7155 175.9258 169.0283 165 168.0368 166.8491 163.8094 167.3078 164.1544 160.0705 159.7223 159.6225 159.8039 169.1275 164.0958 164.1277 165 165 166.0933
221.7146 220 217.6745 212.2564 230.3813 270.8324 278.2664 251.6302 233.3455 226.3779 227.3582 239.5495 234.1798 243.3335 268.082 305.9751 304.2128 270.7074 267.6688 220.4956 203.8987 192.6928 188.377 185 182.4577 180.6539 180.91 180.2652 180.0152 194.6709 225.7037 254.9189 260.7617 283.3041 316.3559 354.2018 296.8246 245.8422 263.2978 283.8164 331.824 351.0635 292.1129 248.2381 218.9542 218.8757 188.7868 180.9087 171.5785 173.1449 169.6568 162.7724 161.4763 159.7286 159.8215 159.6563 159.1781 159.0081 159.2369 159.0435 159.1063 159.6348 160.8127 162.4228 164.679 165.0029 165.9332
222.0574 218.7309 215.6165 210.1244 221.2846 291.6475 255.2904 222.8258 221.163 214.1286 210.3339 211.3653 230.2377 219.3907 236.6326 266.3152 310.3781 306.8013 284.8105 255.1372 220.6873 193.8794 185 187.7199 179.689 179.7763 180.0023 180 180 184.0742 211.0887 235.5865 278.6443 296.6248 283.5114 326.163 261.3788 225.4297 222.9388 241.7184 289.9831 322.5456 264.8656 221.0931 199.0509 191.0539 221.4314 204.3529 178.8268 166.1278 165.7222 164.2956 159.8945 157.832 158.5865 158.0862 157.8234 157.75 157.5056 158.015 158.4194 159.1884 160.0102 161.3031 163.7757 165.0127 165.9099
220.0006 218.3321 215.0271 211.6131 222.6534 250.2819 225.1166 210.7121 208.1783 204.94 205.5132 211.754 213.545 205.0665 215.1085 242.3716 268.0235 265.3413 241.5309 228.4366 204.547 189.7224 183.8732 179.3817 178.2988 178.5307 178.9192 179.0188 178.9899 181.456 196.4529 218.0602 243.4343 240.3449 267.9848 260.3341 258.8955 220.4428 204.7089 218.5017 240.6077 273.6099 269.0204 207.9368 187.5065 184.3292 195.263 198.2191 168.5313 163.0431 164.5211 164.572 159.422 155.9238 157.2125 156.6838 156.5316 156.4225 156.1281 156.2803 157.6696 159.0049 160 161.5036 163.3135 165 166.5689
220.0946 217.325 214.0603 209.9107 216.8182 224.2132 212.6917 207.3041 204.0269 202.2516 201.9943 200.7334 199.8852 199.6438 207.0644 244.4135 245.8949 217.8272 209.5814 198.5985 193.5159 208.5225 202.1172 180.3881 176.5989 176.7401 176.541 176.9403 177.4715 179.4365 190.3193 206.0768 216.3257 236.4483 215.5366 229.6358 230.4046 198.2177 190.3449 193.6492 224.4581 219.082 233.1393 192.4692 177.7374 175.656 178.914 184.6009 185.7384 165.3693 162.9324 165.0352 158.8006 155 155.9053 155.7899 155.4112 155.2372 155.0043 155.5025 156.8826 158.1789 159.9619 160.7987 162.0132 164.2173 166.3848
219.4011 215 211.8868 208.7263 208.0837 208.9152 206.7691 204.4362 201.9305 199.946 199.3779 197.8206 196.3018 196.6266 203.2688 236.6611 218.6971 200.5505 193.6678 188.7833 187.7363 189.0675 206.7273 186.8568 178.2639 175.2855 175 174.9171 176.4645 179.1196 186.6221 215.5374 228.4722 195.6654 192.8326 204.5497 198.5283 180.8951 178.2498 178.8557 177.8044 184.0133 203.1092 175.9618 172.0266 169.4334 167.742 164.5244 166.9323 164.0318 158.8316 156.8188 156.1013 155 154.8475 154.4938 154.3037 154.0751 154.6499 155.2689 157.5896 159.5443 160.54 161.4858 162.9969 164.275 170.3982
217.6651 214.1892 210.5931 207.352 205.7529 205 204.4565 201.7942 200 199.1436 197.0077 195.8959 194.7001 194.4935 197.1242 215.8664 193.6088 189.2634 188.5124 186.1205 184.8281 184.0084 184.9029 182.6294 177.6611 174.7542 173.4668 173.4947 174.2611 182.2893 201.951 216.6558 203.921 178.4554 176.557 184.1968 183.4561 170.4796 174.5822 170.6853 164.8987 164.4033 163.4593 164.0339 163.0475 165.948 162.41 160.1549 159.2646 161.7721 156.7489 154.7718 154.5957 154.6006 153.9484 153.3322 153.5422 153.7663 154.6272 156.1103 158.855 160.5004 161.5743 162.8274 164.3633 169.0052 189.2242
219.3498 213.7006 210 207.5924 205.3626 203.8144 202.0303 199.5114 198.9355 197.3458 195.0174 194.3863 192.7054 191.5997 190 189.0384 186.2264 185.0451 185 183.9857 182.5677 180.8478 179.7232 178.9087 176.32 173.8544 171.9505 171.7968 171.8155 214.6844 229.7319 208.4877 199.3959 175.2017 167.3151 166.1237 167.8384 165.7139 163.8898 162.8922 160.3187 160 158.5777 158.3098 158.9904 159.2322 159.0912 158.2833 155.5753 155.0716 154.5435 153.4965 153.4373 153.6016 152.9035 152.3239 152.8932 153.4028 154.5604 156.6883 159.7163 163.5586 164.2348 167.8323 167.7927 177.4987 203.5588
225.2561 218.2566 212.8684 207.3701 204.9725 200.4569 199.9059 197.4432 197.4268 195.7415 194.6436 193.0087 191.2067 190 190 188.5154 185.8063 185.073 183.4883 181.4818 180.2713 179.5081 178.1268 176.744 175.3231 173.2867 171.8843 170.4557 170.2213 194.3265 219.6424 183.3993 171.4277 167.3262 165 164.9863 163.6083 162.964 162.0234 160.654 160 159.8579 158.3085 157.0209 157.0824 156.9213 156.4709 155.7837 154.715 153.8955 153.3427 152.6056 152.1044 152.2671 151.7776 151.3156 151.9075 152.6479 154.1927 156.4166 159.5371 166.8576 166.1421 170.9823 179.2982 194.9188 192.923
235.0464 228.5911 220.4064 211.3793 205.1923 200 197.7351 195.0168 195 194.1657 192.3245 190.593 189.8537 189.9961 189.4475 187.4197 185.0685 184.6864 182.8034 180.1377 179.3723 178.1751 176.7923 175.7068 174.6477 173.8375 172.4879 171.2398 170 188.1241 201.5121 169.7634 168.1085 166.9357 165.4809 164.9255 164.1182 162.6812 161.2036 160.3118 160 159.6361 158.4378 157.2186 155.9259 155 154.934 154.4044 153.7672 153.1906 152.5399 151.9853 151.2681 150.9544 150.5198 150.3412 150.9045 151.3542 153.2189 155.0854 158.4902 163.5145 168.4703 170.5182 174.9918 178.9316 185.0867
254.4622 237.4596 217.5323 221.4925 217.0858 204.8155 204.4179 213.2324 195 193.4145 191.1271 190 188.1202 187.1809 186.411 185 185.0155 183.8349 182.0009 180 179.7627 177.9107 176.7637 175.2457 175.0019 174.6447 173.3306 171.6844 170 169.0842 169.307 169.3455 168.2191 167.1982 165.4261 165 164.4501 163.6615 162.0407 160.8393 160.0727 159.8316 158.8723 157.7643 156.4929 155.2581 155 154.4796 153.8527 153.2434 152.3118 151.3444 150.655 150 150 150 150 150.0092 152.6409 154.32 157.4949 163.4976 177.9382 185.3188 178.5965 200.2316 226.5667
248.0407 234.7948 243.2197 241.3279 248.7785 211.5847 233.6078 238.3293 216.7689 204.2807 208.4367 214.9049 197.094 188.7403 185.6169 184.9538 183.5067 182.4796 180.7481 180 179.978 176.8536 175.7475 175.0223 175.0374 175.029 173.8472 171.8351 170 168.403 167.5081 168.0908 167.2562 165.9292 165 165 164.9832 164.4673 162.9005 161.6508 160.7257 159.9675 159.0458 157.899 156.6017 155.4504 154.7344 154.3352 153.8143 153.2935 152.0369 150.4635 150 149.8298 149.6959 149.5172 149.5597 150 152.2261 154.9686 158.6174 165 172.6476 186.0773 201.896 186.2997 197.5793
250.725 240.2325 239.5975 220.9835 224.6109 230.8587 239.7216 250.6069 248.4219 256.3397 276.0447 269.0776 215.8216 188.2254 185.259 183.8581 181.9464 180.6617 180 180.2444 178.2502 175.4723 174.9916 174.9753 173.0567 174.1009 171.6625 170.0333 170.0406 166.9403 165.4503 166.5423 165.8846 165 164.7831 165 164.9562 163.9812 162.7423 161.9175 160.5936 160 159.1858 157.7354 156.361 155.5097 154.7866 154.1275 153.4064 152.5881 151.4296 150.0582 149.8672 149.3375 148.8776 148.5093 149.3283 149.9251 152.6797 159.212 164.7058 172.9736 185.0586 190.648 200.3229 226.5711 258.3794
236.5617 228.3665 211.9771 208.9525 207.425 206.9319 221.6274 224.8781 225.845 229.9997 278.9736 248.6772 199.6208 187.6642 185 183.1516 181.1042 180 180 180 179.4159 177.0859 175.6019 175 172.2249 170.1274 170 170 169.568 167.6074 165.306 165 165 164.9776 164.2691 163.3061 163.6446 162.9198 161.4569 161.9501 161.1621 160 159.2321 157.991 156.3809 155.3935 155.0986 154.5302 153.4215 152.0145 150.8409 150.1373 149.6091 148.9429 147.5708 147.7873 149.0478 149.7848 152.1353 162.4043 180.2995 194.1212 191.7243 197.9925 211.8733 227.8396 243.2671
215.9342 212.2342 210.2962 212.8819 205.1316 205 202.1166 200.0444 202.6287 224.8605 226.621 203.4696 189.3846 186.7462 185 183.177 184.0767 191.9338 193.0598 185.6165 195.8663 180.4491 176.0101 174.7972 172.2645 172.6878 170.7493 169.2198 167.7433 166.6304 166.3716 165 164.306 162.0616 162.1638 161.3093 160.4262 160 160 160.3951 160.1816 160.2967 159.3923 157.4924 156.148 155.0453 155.5892 154.5638 153.592 152.3846 151.061 150 149.3519 148.4389 146.7275 147.4413 148.6817 149.8589 152.0811 176.2042 183.5613 174.8672 194.964 198.4842 228.1228 233.9574 240.4935
214.9138 216.0993 234.0046 229.3841 211.5757 205 203.5428 200.9635 200.0401 197.2914 195.0633 192.325 189.2746 188.3056 185.0862 184.7968 207.7455 234.6014 224.7225 211.1598 230.1267 210.3106 185.6626 196.5473 205.1676 187.0481 171.9688 170 168.4886 166.6195 165.5634 165.1713 164.2823 162.8549 161.1307 160.1352 160 159.8904 159.291 158.8364 158.0172 158.5851 157.8735 156.1339 155 155.0406 155.552 154.6254 153.6344 152.6737 151.4363 150.4835 149.317 148.3025 146.731 146.2522 148.6597 152.5546 166.2212 157.1354 165.8539 190.1889 188.4357 222.047 218.1897 230.2297 256.5407
227.9544 238.0803 251.7272 236.364 224.1973 215.2776 211.02 210 205.0255 214.8478 202.5732 190.4765 190 190 194.4229 202.8748 222.0088 246.9674 264.025 239.7619 222.3011 200.2764 204.2021 223.9158 202.6136 182.1372 175.2454 169.9988 168.9273 167.9034 165.2991 165 164.9014 163.6631 161.3034 160 159.902 158.4772 158.4772 157.7626 156.1923 156.596 155.5649 155.0866 154.7898 154.4455 154.3757 153.9134 153.4519 152.1025 151.4553 150.2849 149.6597 148.8069 147.1028 145.4107 149.352 169.2876 172.2083 179.4081 169.5095 181.7175 216.9421 203.3838 241.1561 266.5077 276.9325
262.3133 262.0175 275.5693 258.4486 243.2972 222.9769 218.1037 220.785 218.7357 210.7117 212.5808 198.1097 193.3873 196.5695 219.7319 204.2167 209.2634 221.3174 250.8219 239.4581 219.5432 223.1891 222.1455 214.7822 192.7627 180.8759 174.9983 171.8857 169.9945 169.4203 171.6534 188.5022 172.3744 164.8465 164.6575 161.9374 159.8666 158.4793 158.4772 158.0318 156.3717 155.0012 155 154.0915 152.8565 153.6723 153.3676 153.8735 154.2914 151.663 150.0945 150.0479 149.7162 148.9834 147.5868 145.834 145.0154 148.1693 182.4688 190.5717 194.7035 217.3063 230.9325 225.7662 228.4621 246.3988 280.3085
