DTVGM_day/TopIndex/indem.asc.bak
ncols         203
nrows         150
xllcorner     946216.67687136
yllcorner     4394711.8948807
cellsize      100
NODATA_value  -9999
[rows 30 to 59 of 150, columns 67 to 133 of 203]
541.1353 475 466.1151 392.815 357.6584 350 378.3075 375.1253 375.1253 389.6369 486.0047 524.8212 472.4153 450.3408 494.8139 532.52 547.0848 586.8184 606.3958 663.5554 725.1203 750.9696 793.8661 799.9167 731.0687 655.8073 645.1578 643.3654 600 607.3469 558.7518 540.2914 575 583.2334 608.5317 581.8085 638.5412 680.2969 713.3528 745.8342 744.4468 776.3652 851.7287 910.8359 978.2247 9999 9999 867.3876 803.6071 768.9163 765.8564 804.9844 738.9108 715.0676 743.8094 769.149 827.6606 9999 9999 9999 9999 9999 9999 9999 776.9298 685.4079 629.4631
512.262 448.4366 461.2402 395.2807 350 398.7086 375.1253 375.1253 382.0368 469.9868 519.9206 502.5552 438.6517 464.6198 511.9803 557.7449 593.2022 637.9944 641.4718 691.0852 717.9538 693.5909 745.5112 783.5975 731.8021 649.5676 600.6111 579.1459 587.0496 574.238 512.4676 544.0886 551.7564 545.812 549.8276 577.3332 649.2407 694.2714 688.3643 671.6943 706.2734 766.3325 829.6787 898.9467 962.004 9999 968.3397 889.3048 789.2737 712.4305 695.3641 730.7726 724.1179 659.0613 697.18 721.9952 775.5592 805.575 832.6287 9999 802.8068 9999 794.7814 799.4473 823.8954 678.7381 592.7602
466.2169 439.053 422.7699 382.5203 348.1232 373.2092 400.8659 462.6877 511.8199 501.6345 472.4016 456.0579 403.1396 427.9783 452.6408 509.3379 552.8893 606.6902 668.2146 706.1149 659.9207 682.0953 734.8732 767.816 740.9772 645.4545 591.2321 558.8603 525 524.7432 500 522.9219 500 550 591.8847 607.0704 619.1004 634.3245 629.5606 677.5929 738.4099 816.8267 865.4783 925 948.0747 944.3699 950.0648 877.0543 769.8131 714.5826 656.5032 669.2646 661.5178 666.7348 626.9833 702.7604 693.1453 762.7491 794.7136 768.4132 729.9451 729.4117 745.2664 816.6133 742.9174 673.056 583.1161
452.433 410.3764 396.9788 370.0203 325.8621 350.4552 402.4254 492.7986 542.1664 490.3451 420.7166 400.7773 449.9326 480.4674 476.6872 498.3212 529.6119 577.3245 650 658.5217 626.0303 646.2853 694.5293 750.8685 732.291 658.3541 620.2451 562.4761 539.0844 500 478.3262 489.0438 528.4943 523.2565 549.9072 537.6755 559.3764 586.4631 649.4929 730.8042 787.3886 867.8888 896.5322 878.0493 896.551 887.578 952.489 854.1193 743.9463 709.5404 657.7227 607.3812 638.2006 653.038 589.7116 604.1626 660.1486 721.8383 732.2878 719.1085 688.6906 665.2891 736.3639 796.2562 724.2105 645.9748 600.7328
401.9904 397.7372 373.0618 348.1675 325 349.0461 428.4427 515.367 506.6862 472.1658 387.614 441.4835 485.4108 529.5778 550.6648 570.9582 618.1644 611.9475 623.3333 618.3569 584.3832 662.8945 709.7958 721.0181 732.2944 697.6949 684.698 617.2609 577.0378 526.6404 480.082 467.0158 467.1394 475 500.565 547.1539 588.4973 618.6807 649.7031 738.9965 807.9067 848.9884 821.4843 810.1989 848.1284 879.0358 888.5329 840.1074 736.9824 675.1209 648.3856 603.4768 578.9697 632.1359 553.6458 624.9696 686.6223 698.2058 664.9835 626.6667 637.8102 648.525 717.8493 727.8835 640.8041 566.6152 511.7554
360.7772 364.4392 350.7609 335.3993 325.1696 402.1302 454.6987 531.1915 519.2203 444.7746 375.8441 444.2504 515.4659 559.8507 558.9363 575.5925 587.3188 568.2511 573.3416 553.6478 610.2433 651.6094 664.7125 671.2728 682.2687 687.6595 700.4135 675.3438 628.272 556.2634 482.8254 438.6658 450 522.0457 549.9869 604.1133 629.3328 656.8466 682.6547 736.8425 799.7144 798.5637 766.6509 796.3246 829.057 798.5325 849.3019 844.4981 772.8643 724.4185 703.746 634.4629 582.2689 532.4089 526.3519 579.1177 615.4193 614.1403 592.8693 566.4495 560.2765 606.2925 684.0381 724.7971 607.085 539.662 477.7162
353.0547 350 338.4259 325 362.3303 442.1647 500.2262 526.4203 485.7189 415.5195 352.8482 406.9868 461.5383 503.6337 493.1074 537.6119 533.4578 513.0269 522.2557 520.8269 570.861 616.687 626.9286 621.9009 632.6261 630.4266 639.8835 615.4386 597.2856 548.8296 452.3349 433.2793 473.0215 512.043 555.9072 570.6858 588.6663 632.9371 665.9915 734.6772 750.5554 732.6787 731.4578 775 769.3567 756.1877 864.1436 937.071 890.0436 783.9863 694.5554 625.4722 571.6654 538.2556 492.7704 534.7828 524.5913 518.5153 519.1965 499.4576 543.3947 621.7118 707.4772 674.5607 638.0024 582.739 528.5275
354.6899 351.0884 328.2506 325 387.7507 455.2037 469.4369 448.472 442.0865 411.1216 350 375.0392 425 452.8495 454.7135 489.5529 485.3775 455.135 475 527.0113 575 597.6956 589.573 565.2878 601.0147 582.5665 590.1543 557.1243 513.5602 505.0578 423.2432 447.0471 459.9574 483.0443 516.9832 547.1652 600.4871 636.855 685.0719 720.8818 708.6306 682.964 733.3915 722.8603 676.6435 742.3717 846.5916 903.7361 833.971 752.4501 704.3912 656.0401 576.363 498.5347 473.8509 453.0317 438.1302 434.1256 436.4787 513.869 565.4183 603.9144 692.832 662.0942 567.5539 569.8507 519.3084
349.7892 346.3945 331.1805 325 411.8309 391.6187 390.6525 396.9128 388.0179 383.8839 347.6827 372.2772 375.7673 394.8745 412.8294 424.3359 422.6497 425 458.3236 497.1136 544.0487 575 564.5438 526.0501 548.0843 531.8264 535.8704 528.1358 457.97 432.4024 428.6873 446.0675 500.7121 527.9536 538.2117 573.9468 633.5866 693.1912 648.4974 669.1169 654.8942 671.8007 662.1854 663.1507 663.2015 758.8365 813.5049 811.2245 816.4288 753.4738 665.0386 605.1607 550 580.418 506.097 458.5427 437.8264 399.8549 394.3448 434.6563 499.7297 581.3343 711.6476 664.083 557.9612 489.5523 471.4423
336.6442 337.8657 325.698 325.2856 360.308 343.6564 339.5074 346.5344 352.455 334.1104 325.3895 344.8301 350 363.8384 372.8952 377.3605 400.4738 428.6268 453.4846 489.9775 523.1541 578.3833 546.0081 500.0193 503.2394 473.4941 481.4463 465.1006 425.3556 373.6224 383.2481 424.9186 456.6222 502.8711 568.3489 625.2036 632.3402 640.369 594.8838 626.119 600 652.9083 624.3768 602.2894 673.1271 761.2571 739.3792 750.1082 720.4117 714.2722 679.2591 634.0281 632.4193 624.4858 566.9236 558.6404 500.0018 503.5307 422.0351 401.4542 500.7425 600.0007 674.9325 652.0266 597.4199 492.9197 425.6714
326.2739 325 305.2502 312.0209 318.1801 314.2239 325 325 325 329.4842 350.8876 370.325 392.5733 370.7072 375.3535 400.1927 438.0881 477.9429 475.11 488.9018 533.4568 569.6611 525.098 496.7664 476.5339 442.3824 420.257 408.8653 365.3778 389.396 442.4164 489.5823 547.4614 533.9683 575 566.6022 582.7657 553.2388 538.769 575.8992 591.3619 599.2675 582.6056 620.3859 684.3344 697.6035 673.7827 660.9379 644.3229 654.1163 588.4833 628.8809 580.0557 585.7005 615.1792 600.9958 543.8652 486.9767 415.5201 379.701 453.6371 530.62 593.1894 606.8824 601.1605 541.279 441.7103
320.9979 306.2941 300 301.5878 301.3372 317.0676 342.0599 350.2323 354.0873 341.4358 351.9926 375.8567 402.6707 384.8586 400.2118 410.5831 425 461.4623 500.7836 542.437 549.811 517.8128 519.5751 482.7149 458.4007 427.0089 380.2034 341.0758 337.2367 415.1664 475.3646 480.1089 480.8828 509.819 523.236 520.8248 535.1505 500.9072 504.3214 548.7173 602.7055 557.517 582.2327 629.9821 622.2913 627.1222 639.1109 629.6453 591.6965 583.759 557.9184 539.2205 507.8951 517.0273 533.0833 527.306 541.2597 451.6461 380.6931 382.7642 491.5222 551.1172 563.2717 569.3231 583.9524 538.079 453.4448
306.6007 299.9606 299.9606 300 304.8898 327.4105 346.1877 340.007 353.6994 350 375.4097 387.4492 418.415 404.3808 429.3622 426.278 466.1737 475 495.9844 498.0209 492.1985 493.7818 477.2309 439.1344 409.8501 367.7928 339.9412 329.959 352.1382 414.4181 425.6346 432.428 423.424 466.9019 461.318 473.4637 455.3849 479.8766 512.2162 559.4478 558.4301 527.1378 540.9628 551.8764 571.2083 620.4649 640.3366 642.839 590.8204 555.9568 528.5497 505.4985 465.243 458.6732 480.8513 480.5367 450.2668 446.3863 408.8542 366.5986 432.4876 516.1949 523.5527 527.8712 504.0259 479.1346 453.932
296.4478 299.9744 299.9606 319.9278 318.4297 325 360.7965 352.166 350.3755 375 372.5832 382.3564 436.7416 425.1296 461.2371 458.3574 454.2656 453.7665 448.093 451.7134 450.1552 453.8877 425.4822 417.8804 374.8584 344.0242 300 300.1656 351.4932 376.1427 363.1618 378.0328 410.1707 450 417.8994 420.8113 447.4779 508.5424 529.4007 540.6894 507.6943 527.9259 508.5002 512.3806 565.0333 605.0068 611.2363 630.2358 622.465 590.0339 550.3349 495.793 465.5661 444.8616 424.7711 399.6149 381.8154 375 398.8133 350 383.7978 447.8781 447.4156 465.2928 418.4741 408.3313 408.5671
294.595 298.7204 299.9955 310.6599 325 325 333.8955 379.9666 350.7732 373.6975 402.105 399.7665 413.2018 463.4913 450.7897 447.8592 418.0114 401.7866 404.83 420.7792 419.2314 397.6073 425.6758 404.9047 363.5388 322.4853 300 310.9555 328.2673 329.9204 334.973 375 418.0921 438.6673 395.3239 420.2532 444.1439 492.1624 532.3721 512.7383 477.9724 482.6121 492.2265 477.9083 501.3171 527.1428 558.3281 592.2952 613.5002 546.6138 526.9814 504.7258 468.7959 448.9028 461.3461 469.8078 427.9904 374.676 354.6692 353.3038 334.062 399.267 376.9915 356.9448 343.4651 346.5074 348.2315
297.9121 308.0898 327.2152 325.2097 328.8651 337.5063 332.6244 364.2262 377.7943 375 401.8647 425.3505 430.5158 432.2284 418.2341 400.0629 395.1944 372.3147 405.7307 385.6648 376.8146 375.3799 434.3654 385.8572 350.8379 334.8695 315.7042 275 300.9683 300 325 350 396.0804 441.5753 378.8153 396.1525 425.4697 491.7671 499.7456 467.4251 454.9215 459.3169 445.328 469.7238 510.7716 557.4011 579.5031 601.0923 612.2979 571.9044 563.8005 505.323 490.871 476.1331 465.1249 467.7678 432.6225 392.879 368.0533 342.3197 300.0062 325.9442 303.7533 293.8268 290.0849 296.6496 336.0457
341.0874 349.5667 338.5538 346.0654 350 372.4595 365.5526 349.7712 375.2436 402.379 414.5083 444.8799 431.7368 399.9026 389.2076 375.0482 364.6594 353.9194 367.3669 369.1298 346.735 397.7727 401.3449 419.7271 396.2979 365.4832 320.0981 267.2991 274.6827 299.6461 321.0995 337.0894 373.8701 411.4217 373.204 364.1628 419.9236 467.8745 470.655 438.2142 427.9276 411.9012 447.0226 462.8265 500.6349 543.6707 573.1175 544.047 563.3596 578.6519 571.8631 536.8221 538.3571 519.0068 498.6378 491.873 436.2919 372.1356 331.425 311.4908 308.0002 271.3595 265.6757 266.2766 258.8618 268.6008 302.4925
351.2678 382.7885 369.8719 376.2968 353.6505 366.3937 399.8777 377.3859 378.2723 400 433.8279 383.7627 375.1782 370.5 377.9525 375 361.7668 342.4038 325.4734 338.1891 343.0688 364.7481 352.117 362.6778 413.0111 362.3246 329.0765 289.8601 255.7057 281.9461 312.7104 359.9033 416.968 366.4437 337.3908 369.0794 377.2144 430.1776 423.683 419.2288 394.7252 451.5931 462.9288 493.6452 515.3065 555.8517 534.4203 504.2302 526.9194 524.5668 537.4625 559.933 586.4944 553.6074 493.6411 462.2226 416.1507 355.9417 344.3642 347.1273 319.5942 315.9309 295.5654 286.6685 265.3103 250 256.6131
391.5564 415.0475 406.3328 415.801 378.5183 399.8591 421.0168 407.9787 402.6699 396.6824 368.377 371.0283 353.6197 335.2375 368.1709 368.612 388.0682 373.6577 335.3764 306.3345 317.2904 343.64 332.966 335.1107 389.166 341.579 309.6598 272.0365 252.1521 284.6963 338.7185 409.5071 374.2852 340.7845 321.9705 319.887 358.4431 389.4195 393.3616 393.2293 396.6808 440.9498 464.3542 478.128 494.961 522.1592 489.5675 488.4166 493.0415 485.3215 520.6596 525.5933 573.9848 513.3864 447.6512 414.0531 394.2384 386.1323 397.8311 418.0134 366.9265 354.3167 364.9546 346.1484 295.1228 270.2815 251.1279
376.5962 368.8502 388.5143 433.8068 433.5741 417.0337 391.8081 389.5562 364.1764 369.7754 344.163 352.1027 338.0895 328.4036 330.7082 376.6479 382.2405 363.4552 330.0473 320.6299 293.6767 311.9752 332.3781 329.8017 333.9694 333.2252 294.8972 260.3181 258.0064 310.1042 372.8508 384.3208 341.4722 303.8517 307.8716 326.3857 344.2927 350.5958 363.9345 389.5029 412.9518 423.4955 450.5835 489.2868 515.3505 488.347 488.8806 448.2405 447.0622 483.2806 476.4205 517.8929 585.1954 531.1946 516.699 467.7204 461.482 409.8323 458.8892 474.5612 403.7404 373.5224 343.1348 320.8568 295.73 278.8264 265.2397
345.1585 357.947 380.9476 427.2128 402.7084 390.677 360.66 356.5808 345.8508 339.1648 323.8191 320.348 321.8206 323.6914 322.3746 356.8332 344.6595 352.6111 343.9665 339.8571 293.0157 299.2391 298.4428 297.5323 298.9306 329.0469 294.46 261.2513 278.5836 309.9713 350.7744 332.7591 284.1353 280.4555 326.2604 384.9164 353.92 363.4586 390.8949 432.5406 435.9463 471.0337 507.0337 507.6901 451.5138 460.7317 465.1829 428.7626 448.4085 455.7621 497.9748 553.1436 600.6195 539.2318 540.2314 533.3715 500.8776 468.6141 519.9744 461.8447 414.7206 410.4169 379.6732 327.9361 314.744 292.925 272.506
336.8647 368.9421 385.3712 422.1124 387.7741 366.5974 341.2169 324.8104 319.4363 336.3903 300.3837 303.1089 315.2623 303.5696 314.2293 331.8764 316.0959 351.9802 349.4291 350.8621 294.5151 272.8139 295.7137 274.3099 298.5306 298.2431 269.899 237.8592 271.9601 315.8413 325.8892 298.2607 273.4706 308.4723 334.3467 357.3783 394.3332 391.49 432.3178 453.8114 493.067 494.9746 439.1209 449.994 417.2957 448.3824 434.0573 408.0863 427.6057 434.0637 471.8811 531.8339 563.1793 509.7867 496.6703 510.6135 486.6412 519.1606 552.9945 518.6541 469.1369 413.2693 375.7939 356.1249 341.8992 319.3183 279.0238
368.4796 367.3044 399.0578 410.2683 369.1313 364.5929 354.6724 325.0547 313.4624 306.6297 294.7987 291.4224 279.9001 287.5183 292.0608 291.0165 305.9719 351.4812 339.2288 333.9067 294.5798 260.3134 259.7028 255.6422 264.8216 305.9292 260.2685 239.7932 293.1104 268.8297 276.9718 269.8453 267.0419 296.1988 308.1715 329.9435 370.429 421.8509 466.1646 497.3124 503.9015 454.2446 419.7934 416.6836 397.6505 418.7293 394.46 389.1676 429.0387 447.3164 471.9872 536.9316 568.0088 496.9845 450.3614 473.1491 450.9163 518.0449 580.2842 549.4044 514.5601 466.9077 405.3928 374.6277 355.9107 320.2265 310.3499
365.2587 390.7654 403.2633 401.1474 389.7328 355.6218 324.5677 306.5095 308.7717 289.348 294.0591 270.2333 287.0863 284.0567 286.6124 303.4025 316.2256 352.9886 326.8165 298.0211 271.4717 256.8691 275.8813 253.0045 248.735 252.1037 242.5616 229.6306 261.8864 247.8683 242.6454 256.6509 276.8484 298.8718 332.5816 379.5732 407.7148 436.0738 433.1285 476.4429 479.189 456.2566 402.6516 375.6385 363.2956 371.9477 360.6909 396.4018 394.4295 437.5574 463.6548 485.6214 526.5609 483.0342 439.0509 425.5046 449.5301 495.1792 548.8752 493.677 453.2506 482.5008 445.9213 397.6975 385.1224 351.0001 338.7019
401.0523 409.1428 421.5195 401.697 379.1777 348.9868 321.8075 295.114 318.4953 266.6089 268.1947 266.259 272.3557 281.0036 310.584 261.1717 317.9113 325.3894 317.9909 280.5132 287.8937 285.1417 279.0086 254.1028 258.639 232.3266 225.8841 253.7686 240.1634 231.8531 249.7139 264.4262 313.1589 329.8018 352.3174 379.3601 399.3809 400.8347 390.8359 425.9114 479.1619 455.8909 410.436 368.3679 364.697 348.434 370.8149 378.3017 414.6828 432.2818 411.3228 455.1622 475.687 447.4504 429.2856 399.8153 418.5066 496.6976 493.5556 466.6208 417.8768 434.9645 501.6977 426.8792 389.7343 387.3933 383.1906
362.344 390.0881 404.1834 352.9432 339.3146 337.6774 306.6421 291.6656 301.8657 267.8989 259.2983 263.934 272.6412 272.8531 278.3605 264.7823 297.8598 306.6775 317.9577 280.7943 312.9016 306.7646 300.596 275.0983 243.2756 224.8105 221.0594 237.1489 223.103 243.0497 286.1293 301.6195 298.6952 335.1988 324.1996 331.5808 338.8558 356.0068 379.2966 431.4822 485.9167 413.9014 374.2184 360.7265 358.577 319.786 335.8703 380.2582 401.1822 371.7844 422.8826 412.3391 456.5774 424.7193 395.7964 410.3189 393.8752 456.4707 428.1361 439.9297 391.1589 404.8194 468.1262 498.144 433.9849 452.7823 391.551
332.6479 355.0154 380.5616 354.2866 335.5463 300.1078 289.0858 286.3964 287.8625 265.5726 251.0787 248.4642 283.329 257.6083 259.1694 251.6145 286.0217 294.2301 289.1399 296.1205 277.9604 262.8014 265.6519 282.8423 285.9546 235.9292 218.3228 217.2378 215.7429 229.8499 255.1487 256.4649 280.9469 286.3234 283.9679 307.6349 324.2503 382.3983 394.0466 461.5714 450.6519 442.2532 404.9139 364.4992 322.6436 334.9326 345.841 318.3917 325.4807 358.9435 420.1621 425.32 422.2429 395.2729 371.6188 396.3681 359.4221 395.8962 376.0448 411.312 353.8329 392.2798 419.8683 495.9857 506.0112 467.4012 414.7656
316.2236 361.2415 370.2058 324.9275 297.265 283.451 283.5176 286.3939 291.3698 295.9437 267.1458 243.9335 260.4066 250.7625 257.611 299.6814 280.9178 297.1097 272.3751 266.9908 254.9401 244.379 253.3761 255.1715 259.0601 245.5982 234.9355 215 211.9932 225.5968 249.4865 243.3828 253.7253 262.6391 297.7863 317.3139 352.743 421.3895 444.0441 462.3683 409.5348 409.1343 370.2997 371.8028 300.2255 312.3641 286.0111 317.5194 363.7725 412.4548 443.4724 395.2385 371.1285 361.5115 361.7068 419.5636 356.2582 327.2092 352.4817 365.2654 333.3113 359.5559 405.2235 454.6008 519.6822 495.1252 411.4073
326.7647 366.297 329.3469 306.0548 298.0353 272.7043 278.5934 294.5098 268.9435 300.424 263.4543 245.0176 244.1146 266.1502 304.7678 311.4138 285.6066 308.1873 305.6889 294.2296 279.7235 244.6465 229.6779 235.962 220.8938 220.9587 224.412 245.1202 221.0127 210.1276 223.9671 234.0543 250.1845 286.3425 292.9875 319.5176 392.18 428.3145 417.7381 446.2048 411.7741 368.0515 357.2945 356.373 330.8949 276.7871 266.0487 320.1975 331.4196 358.7459 381.606 356.6584 351.4353 340.5144 362.1367 414.5658 381.2656 332.4187 304.7233 327.1201 326.1902 394.3907 402.6104 416.8424 468.6061 492.3799 451.8292
346.3664 364.8746 341.5559 298.4985 271.1059 252.1206 250.614 259.0913 263.7029 293.6204 246.2749 239.4419 251.8517 310.4026 319.5879 316.6957 297.9911 329.0002 358.4637 324.4932 314.458 255.1969 231.4839 215.7817 211.9545 209.9172 218.8165 245.974 227.8842 206.4016 221.5438 242.5045 290.9068 309.4015 339.1513 349.4742 420.8982 388.3664 397.7702 426.0061 397.5067 348.893 325.0265 327.1434 342.9901 327.7962 274.8983 271.3557 285.9541 363.9636 369.8414 325.2776 319.6359 313.1542 357.527 420.6121 354.913 333.9674 282.3609 299.5914 354.4162 355.9283 335.349 355.4217 420.0218 419.2001 446.1505
