DTVGM_day/TopIndex/indem.asc.bak
ncols         203
nrows         150
xllcorner     946216.67687136
yllcorner     4394711.8948807
cellsize      100
NODATA_value  -9999
[rows 90 to 119 of 150, columns 67 to 133 of 203]
270.6383 281.2622 288.7563 262.433 244.0564 241.6939 236.1406 230.3097 227.426 217.4615 215.8483 205 204.4539 204.7791 233.017 228.4984 217.9249 229.7594 244.4396 248.7085 243.83 252.6169 283.4019 228.5868 195.0949 186.765 178.2032 177.9075 173.76 170.2771 176.6492 192.173 221.3829 212.0666 186.5445 163.8204 160.4306 159.1115 158.8354 158.0427 156.4519 155.3996 155 154.9542 152.9881 151.0657 152.315 154.0393 154.7664 152.3989 149.99 149.3885 148.8331 148.1961 146.9483 146.1375 145.0146 145.9584 168.2431 170.2248 206.2846 209.1268 234.623 246.5973 256.1453 266.8287 289.7198
315.836 292.3503 286.9065 262.6608 269.9857 256.9018 248.0219 241.4898 229.8637 225.153 215.4904 214.7949 210.3008 221.2664 240.147 237.4274 229.2926 247.8609 244.819 274.7308 283.0251 278.2098 241.7318 219.6903 198.4373 194.1279 194.7339 186.6577 175.1971 174.8038 181.2934 195.9612 223.7699 201.5679 181.639 174.1785 164.06 159.7902 159.6325 158.742 156.0344 155.5722 155.11 154.398 153.0771 151.1786 150 151.7689 155.0023 153.7025 151.4617 149.5656 148.3393 147.3968 146.6165 145.8734 145 145.0496 161.5081 177.3365 198.6682 203.8935 230.6434 255.8542 283.0598 314.024 316.5351
312.53 318.4591 285.031 293.8037 281.6103 262.4582 258.7258 248.3517 237.6011 242.9857 236.5261 226.2795 227.5369 232.0135 243.1589 244.7072 242.0331 276.556 282.3325 293.0884 309.5863 266.0158 225.6964 210.4936 203.3756 198.5281 225.5172 200.074 182.5592 178.2166 185.3069 191.401 218.8235 228.1884 213.3065 183.8163 164.8662 160.4898 160 162.6964 158.1936 156.5754 155.0559 154.6665 154.4672 152.5963 150.3922 150 150 150 149.6808 149.2448 148.5701 147.6779 145.9726 145.3118 145 145 145.6373 174.094 204.1659 214.1362 214.9635 224.9711 251.4686 268.0317 291.6359
335.8442 328.9832 321.942 320.226 299.5404 272.314 270.7589 255.0531 248.7302 244.4663 254.7064 234.2343 243.7476 249.5329 287.8204 253.2599 266.5602 261.5136 285.5789 339.7216 291.6203 248.3683 237.6643 226.6575 220.4314 207.2081 222.9873 193.3213 202.7632 194.186 185.7244 194.3498 214.7904 212.1239 183.7468 172.7254 165 163.0733 193.2183 170 160 158.6846 156.3309 155.0682 154.9248 154.4693 153.1064 151.8346 151.4676 149.8033 149.2781 149.0063 148.3577 146.4441 145.1207 145 145 145 145 159.0231 181.4695 198.9302 190.7487 209.4843 217.6025 233.0187 260.2886
374.2965 330.8326 351.0558 330.3461 295.3182 295.8459 301.9558 269.5606 267.225 256.7699 254.6608 252.98 258.4881 278.7839 288.2896 267.3713 278.3106 302.5186 306.75 307.929 289.2546 288.0906 253.2061 236.7007 216.4624 213.654 210.2787 200.6227 212.3944 198.3666 192.4231 211.2454 216.3191 191.5366 171.8936 167.6523 166.0253 184.5848 188.679 174.1952 161.7632 161.6872 159.2953 157.1455 158.0742 158.6356 155.0957 154.8265 162.2997 160.9785 175.5017 171.9868 150.215 154.9201 150.395 149.3081 148.903 146.3812 145 151.748 197.3697 178.7695 185.2663 198.0795 213.6106 229.0542 259.2132
392.9546 357.1271 376.4915 337.2507 320.0328 311.4601 321.9658 299.2663 279.085 283.2206 284.6667 281.9006 266.1833 275.6501 308.747 294.5462 284.8865 314.7261 346.3773 312.6621 283.1236 251.8005 245.6272 229.358 245.2686 227.5599 237.7746 227.0952 213.7068 195.5982 195.0058 205.84 195.429 179.828 180.6945 177.805 180.4368 194.1792 183.4869 179.3554 169.7235 180.5907 166.9052 171.443 163.7359 169.6314 183.463 183.6076 181.2201 175.1598 193.5462 178.7218 164.9509 185.8586 176.2042 152.7258 159.7569 161.1093 145.0188 145 189.9277 178.6284 176.591 191.9648 201.944 214.1057 219.7894
426.9084 406.8421 407.5621 377.8315 356.2386 329.1153 348.5411 321.6805 288.6484 295.5329 291.5861 306.552 297.2832 287.9753 302.7323 324.9868 338.4885 331.4963 354.4344 309.4893 284.9674 286.2158 247.0801 262.9008 248.4476 242.0751 256.3044 224.7998 205.7205 205 204.5212 219.7577 200.7752 190.3483 194.0907 197.4773 210.8104 210.4398 186.8544 174.4728 180.0965 193.1908 178.2429 175.7599 175.1057 181.5805 219.7041 203.982 194.6061 192.4595 187.9083 185.3239 188.4106 183.2039 160.8953 161.5064 175.5072 161.1626 144.555 142.6559 171.3735 167.3512 169.1127 180.718 179.3587 194.4282 197.4156
439.8052 477.8546 423.2459 387.7298 365.2406 366.1565 344.3788 318.9252 315.7796 325.3428 313.0069 318.1147 334.3187 337.06 315.7041 329.4433 359.9857 386.2066 366.3722 339.2834 333.0947 295.6687 254.3736 268.5776 253.5581 254.6234 237.0563 215.1981 219.1906 218.7057 214.3776 225.2971 211.9026 207.0856 216.7818 236.4241 222.9614 194.5336 184.134 181.4682 196.9432 212.0147 190.6378 179.439 185.6346 204.7834 234.3787 241.7692 235.3484 216.4845 197.2047 193.0941 172.3732 167.2381 173.8408 176.2906 180.4519 175.243 154.6332 140.49 155.3823 155 165.7264 169.491 168.6635 181.3717 195.27
487.2517 488.2447 434.5867 416.8276 392.3505 403.828 356.9164 339.9989 354.9001 355.1109 339.1595 333.1329 362.8826 385.0303 350.5432 379.5898 403.3721 398.8402 344.64 315.0583 288.6927 278.7182 266.4419 269.2972 274.27 266.3568 234.2816 230.9323 224.8604 226.8966 230.9095 239.863 227.7332 232.7565 248.1992 241.67 219.1494 196.6324 203.2146 185.2019 211.6411 217.3392 185.816 194.0762 188.0217 211.2157 247.6107 248.059 221.45 201.3074 192.8654 177.8527 179.2982 203.791 178.2371 183.2462 199.2096 182.5326 180.4208 140.2718 144.6173 148.9446 166.8735 155.6134 168.159 169.6751 192.0397
540.9871 520.741 506.3942 452.0798 448.0546 439.8319 380.7582 372.6304 367.3969 387.3982 388.7449 370.8069 354.9759 410.687 418.4644 439.4972 459.4225 418.5543 380.891 338.6902 306.7393 287.338 277.9257 278.7056 264.2285 251.8298 259.2833 259.7678 240.5275 242.8598 248.7142 254.3141 264.3972 276.8071 245.4994 244.4723 209.8501 216.769 212.4809 196.0565 228.6286 209.39 191.0978 229.043 201.5814 209.8593 253.7928 241.9252 235.3166 211.9086 189.3939 202.1747 209.8738 191.9934 184.8104 200.4051 221.8564 204.6861 199.0808 185.3578 142.4805 142.0987 144.9123 158.1187 150 174.7787 177.5587
9999 9999 9999 524.2397 520.0815 465.6962 430.624 428.5729 424.2583 430.8541 434.1242 425.9028 385.4772 407.1466 443.842 9999 471.1083 388.5164 359.2282 333.9347 321.772 297.7306 291.3017 299.9668 284.8435 267.1805 289.1711 270.4526 253.8364 258.7361 292.3865 305.1064 280.3727 249.5994 233.6284 235.2955 225.7613 226.9232 227.4802 220.5773 234.8449 203.7813 211.4335 237.5462 235.6034 235.1042 246.5856 273.6229 240.7972 210.6296 194.9238 223.2147 215.5687 195.1596 201.3309 221.0989 224.105 187.6916 162.2768 174.9122 166.4693 144.6133 140.365 142.1616 156.8599 190.5977 154.6956
9999 9999 9999 9999 9999 9999 9999 9999 9999 9999 9999 9999 9999 442.899 9999 9999 9999 461.8028 411.8989 371.2558 333.4036 316.1704 306.5677 322.5922 291.8347 294.3781 302.6937 294.6215 274.6649 269.7121 286.92 303.2973 281.9792 254.2126 247.1512 277.6514 255.0969 241.1772 250.0453 234.1851 230.7119 238.6118 230.8112 253.7502 245.7503 237.9454 295.4002 270.1478 235.6626 223.1692 201.1606 239.0367 212.6028 202.8784 246.4925 247.5047 206.8656 173.3438 150.4286 143.3956 142.8768 154.1097 157.4392 135.4518 137.2909 183.3466 156.0776
9999 9999 9999 9999 9999 9999 9999 9999 9999 9999 9999 9999 9999 9999 9999 9999 9999 9999 454.6174 395.804 379.4442 333.9555 329.1307 320.4201 303.1741 336.2153 334.1049 302.4346 299.8594 299.7802 314.7919 336.2242 282.3015 284.4378 271.8159 276.3821 263.2389 265.9239 238.475 244.4918 237.9582 259.0318 246.2537 277.0891 256.6338 280.6548 285.0325 252.7664 234.8838 212.7438 231.9743 235.4368 235.5775 218.7162 248.1805 240.3366 195.8661 159.8989 130.1353 135 135 135 140.4788 139.2817 135.4518 158.6295 134.4861
9999 9999 9999 9999 9999 9999 9999 9999 9999 9999 9999 9999 9999 9999 9999 9999 9999 9999 9999 423.3971 370.6346 362.8647 355.5869 366.5687 347.0815 377.3842 335.2318 314.5701 343.9594 333.0816 350.1504 331.3531 297.7177 298.9814 290.2192 307.6375 289.4218 262.8477 249.6252 271.2646 243.7052 275.051 270.2862 303.4574 263.1211 286.9419 292.7026 272.8178 229.7814 230.5029 259.9836 259.8909 244.8439 237.7865 281.1529 249.5441 212.5327 171.9754 130.1219 134.7579 136.7898 141.26 137.1983 136.8905 148.291 143.6211 126.0266
9999 9999 9999 9999 9999 9999 9999 9999 9999 9999 9999 9999 9999 9999 9999 9999 9999 9999 9999 9999 9999 430.8282 407.8961 436.963 422.5141 9999 364.9393 355.6951 9999 9999 9999 363.4835 343.1362 332.5883 337.4572 320.9121 277.6583 265.1912 273.3385 286.9225 258.0294 273.8717 310.0488 307.0468 291.6486 312.3188 275.2962 252.9551 240.8845 267.695 274.3889 284.0005 246.323 248.9142 280.0151 281.409 217.6613 173.3482 130.8567 130.0737 134.0439 135.1886 138.4109 141.0283 132.7189 130.3653 125
9999 9999 9999 9999 9999 9999 9999 9999 9999 9999 9999 9999 9999 9999 9999 9999 9999 9999 9999 9999 9999 9999 9999 9999 9999 9999 9999 9999 9999 9999 9999 9999 9999 380.3162 340.0143 317.705 297.3938 284.9427 298.8955 303.7576 289.1669 275.4348 305.6335 319.1975 316.1633 309.6652 268.2361 264.0091 260.8155 285.6443 302.79 280.3865 256.7478 277.4679 305.5749 291.5986 228.7187 178.8876 153.9879 130.0737 130.2711 130 129.7014 126.2263 126.0854 125.3654 136.4636
9999 9999 9999 9999 9999 9999 9999 9999 9999 9999 9999 9999 9999 9999 9999 9999 9999 9999 9999 9999 9999 9999 9999 9999 9999 9999 9999 9999 9999 9999 9999 9999 9999 9999 342.6536 316.5955 337.6187 308.7783 328.0099 319.8805 293.6548 314.9533 320.5822 358.0847 308.5656 288.1682 304.872 268.1033 278.7522 298.4306 313.6568 311.5698 269.9253 299.5734 338.5331 260.6586 199.5723 195.2819 191.085 162.1231 158.2081 135.2431 134.2879 138.4753 148.4345 148.8671 154.9389
9999 9999 9999 9999 9999 9999 9999 9999 9999 9999 9999 9999 9999 9999 9999 9999 9999 9999 9999 9999 9999 9999 9999 9999 9999 9999 9999 9999 9999 9999 9999 9999 9999 9999 377.597 345.1557 351.7072 324.2849 343.1559 349.2444 357.6387 305.8719 356.5219 342.0718 323.7723 318.6866 316.5421 287.198 308.4633 333.7179 335.729 312.9466 290.9121 317.011 322.2084 256.9917 245.0838 218.0325 223.2231 175.6799 186.0147 162.456 174.277 173.3985 199.055 179.3588 161.8008
9999 9999 9999 9999 9999 9999 9999 9999 9999 9999 9999 9999 9999 9999 9999 9999 9999 9999 9999 9999 9999 9999 9999 9999 9999 9999 9999 9999 9999 9999 9999 9999 9999 9999 9999 9999 399.7647 351.6324 386.7495 373.7324 369.7682 329.2029 389.5035 347.7522 329.9105 334.1763 338.8721 311.2264 318.811 362.6504 371.1851 324.3421 311.4572 318.4847 332.7725 279.0458 279.6007 230.3419 235.751 203.4971 210.2048 197.3971 219.2581 209.91 192.6651 199.7129 182.4189
9999 9999 9999 9999 9999 9999 9999 9999 9999 9999 9999 9999 9999 9999 9999 9999 9999 9999 9999 9999 9999 9999 9999 9999 9999 9999 9999 9999 9999 9999 9999 9999 9999 9999 9999 9999 9999 424.3427 428.2645 415.5842 400.3695 362.4214 404.3474 381.4886 386.3339 369.015 345.4548 353.3365 343.4276 387.8769 387.8281 360.3507 356.5811 348.9265 361.1451 319.7882 287.1505 277.1901 229.7413 256.1312 263.3682 240.1044 247.6284 209.2904 227.6904 200.9906 215.9256
9999 9999 9999 9999 9999 9999 9999 9999 9999 9999 9999 9999 9999 9999 9999 9999 9999 9999 9999 9999 9999 9999 9999 9999 9999 9999 9999 9999 9999 9999 9999 9999 9999 9999 9999 9999 9999 9999 476.5786 453.9621 392.9545 409.1597 450.4866 428.8747 9999 414.3952 373.2441 385.7594 382.4342 441.186 431.5661 385.9015 386.4032 371.3403 369.3587 384.1396 332.8641 297.187 263.2107 273.2252 293.132 254.1464 256.7652 251.9166 241.7154 212.9002 243.0448
9999 9999 9999 9999 9999 9999 9999 9999 9999 9999 9999 9999 9999 9999 9999 9999 9999 9999 9999 9999 9999 9999 9999 9999 9999 9999 9999 9999 9999 9999 9999 9999 9999 9999 9999 9999 9999 9999 9999 461.6555 442.4615 453.8306 9999 9999 9999 9999 9999 9999 9999 9999 9999 9999 9999 414.6389 403.2288 9999 391.1196 342.4749 312.018 301.8859 285.7568 283.8872 272.8173 266.0019 246.4191 240.8677 262.5365
9999 9999 9999 9999 9999 9999 9999 9999 9999 9999 9999 9999 9999 9999 9999 9999 9999 9999 9999 9999 9999 9999 9999 9999 9999 9999 9999 9999 9999 9999 9999 9999 9999 9999 9999 9999 9999 9999 9999 488.7804 9999 9999 9999 9999 9999 9999 9999 9999 9999 9999 9999 9999 9999 9999 9999 9999 9999 381.3667 339.8194 313.022 317.7247 306.6989 306.1125 282.439 261.6835 264.04 296.2952
9999 9999 9999 9999 9999 9999 9999 9999 9999 9999 9999 9999 9999 9999 9999 9999 9999 9999 9999 9999 9999 9999 9999 9999 9999 9999 9999 9999 9999 9999 9999 9999 9999 9999 9999 9999 9999 9999 9999 9999 9999 9999 9999 9999 9999 9999 9999 9999 9999 9999 9999 9999 9999 9999 9999 9999 9999 9999 371.5863 346.848 335.3351 344.6201 312.0535 308.7556 302.263 310.0692 327.2857
9999 9999 9999 9999 9999 9999 9999 9999 9999 9999 9999 9999 9999 9999 9999 9999 9999 9999 9999 9999 9999 9999 9999 9999 9999 9999 9999 9999 9999 9999 9999 9999 9999 9999 9999 9999 9999 9999 9999 9999 9999 9999 9999 9999 9999 9999 9999 9999 9999 9999 9999 9999 9999 9999 9999 9999 9999 9999 9999 9999 9999 380.562 350.015 345.5512 345.4954 350.3549 316.7173
9999 9999 9999 9999 9999 9999 9999 9999 9999 9999 9999 9999 9999 9999 9999 9999 9999 9999 9999 9999 9999 9999 9999 9999 9999 9999 9999 9999 9999 9999 9999 9999 9999 9999 9999 9999 9999 9999 9999 9999 9999 9999 9999 9999 9999 9999 9999 9999 9999 9999 9999 9999 9999 9999 9999 9999 9999 9999 9999 9999 9999 9999 9999 9999 9999 9999 368.3191
9999 9999 9999 9999 9999 9999 9999 9999 9999 9999 9999 9999 9999 9999 9999 9999 9999 9999 9999 9999 9999 9999 9999 9999 9999 9999 9999 9999 9999 9999 9999 9999 9999 9999 9999 9999 9999 9999 9999 9999 9999 9999 9999 9999 9999 9999 9999 9999 9999 9999 9999 9999 9999 9999 9999 9999 9999 9999 9999 9999 9999 9999 9999 9999 9999 9999 9999
9999 9999 9999 9999 9999 9999 9999 9999 9999 9999 9999 9999 9999 9999 9999 9999 9999 9999 9999 9999 9999 9999 9999 9999 9999 9999 9999 9999 9999 9999 9999 9999 9999 9999 9999 9999 9999 9999 9999 9999 9999 9999 9999 9999 9999 9999 9999 9999 9999 9999 9999 9999 9999 9999 9999 9999 9999 9999 9999 9999 9999 9999 9999 9999 9999 9999 9999
9999 9999 9999 9999 9999 9999 9999 9999 9999 9999 9999 9999 9999 9999 9999 9999 9999 9999 9999 9999 9999 9999 9999 9999 9999 9999 9999 9999 9999 9999 9999 9999 9999 9999 9999 9999 9999 9999 9999 9999 9999 9999 9999 9999 9999 9999 9999 9999 9999 9999 9999 9999 9999 9999 9999 9999 9999 9999 9999 9999 9999 9999 9999 9999 9999 9999 9999
9999 9999 9999 9999 9999 9999 9999 9999 9999 9999 9999 9999 9999 9999 9999 9999 9999 9999 9999 9999 9999 9999 9999 9999 9999 9999 9999 9999 9999 9999 9999 9999 9999 9999 9999 9999 9999 9999 9999 9999 9999 9999 9999 9999 9999 9999 9999 9999 9999 9999 9999 9999 9999 9999 9999 9999 9999 9999 9999 9999 9999 9999 9999 9999 9999 9999 9999
