DTVGM_day/TopIndex/indem.asc.bak
ncols         203
nrows         150
xllcorner     946216.67687136
yllcorner     4394711.8948807
cellsize      100
NODATA_value  -9999
[rows 0 to 29 of 150, columns 67 to 133 of 203]
9999 1151.775 9999 9999 1125 9999 9999 9999 9999 9999 9999 9999 9999 9999 9999 9999 9999 9999 9999 9999 9999 9999 9999 9999 9999 9999 9999 9999 9999 9999 9999 9999 9999 9999 9999 9999 9999 9999 9999 9999 9999 9999 9999 9999 9999 9999 9999 9999 9999 9999 9999 9999 9999 9999 9999 9999 9999 9999 9999 9999 9999 9999 9999 9999 9999 9999 9999
1150 1130.214 1124.35 1110.569 1108.015 1093.667 1079.572 1123.026 9999 9999 9999 9999 9999 9999 9999 9999 9999 9999 9999 9999 9999 9999 9999 9999 9999 9999 9999 9999 9999 9999 9999 9999 9999 9999 9999 9999 9999 9999 9999 9999 9999 9999 9999 1160.229 9999 9999 9999 9999 9999 9999 9999 9999 9999 9999 9999 9999 9999 9999 9999 9999 9999 9999 9999 9999 9999 9999 9999
1136.77 1108.4 1100 1084.06 1079.794 1060.038 1051.296 1097.235 1140.591 1158.151 9999 9999 9999 9999 9999 9999 1110.601 1087.763 9999 1057.726 1016.71 1020.148 1001.956 1050.021 9999 9999 9999 9999 9999 9999 9999 9999 9999 9999 9999 9999 9999 1093.005 1078.276 1067.532 1064.497 1077.613 1078.66 1102.501 1121.14 9999 9999 9999 9999 9999 9999 9999 9999 9999 9999 9999 9999 9999 9999 9999 9999 9999 9999 9999 9999 9999 9999
1100 1087.214 1072.513 1054.507 1057.372 1028.974 1021.658 1059.952 1094.659 1104.453 1070.802 1017.69 998.1313 1049.457 1091.536 1031.871 1011.755 993.0708 1037.994 1005.598 952.6338 929.5331 946.4395 1005.245 1009.529 1013.072 9999 9999 9999 9999 9999 9999 9999 9999 1114.738 1098.496 1069.311 993.0901 988.9194 983.8637 1012.587 991.7601 1003.205 1027.071 1058.205 9999 9999 9999 9999 9999 9999 9999 9999 9999 9999 9999 9999 9999 9999 9999 9999 9999 9999 9999 9999 9999 9999
1104.213 1089.011 1041.019 1025.83 1019.176 1011.298 984.463 1012.892 1040.947 1051.791 994.3686 940.5773 965.4148 1055.337 1011.795 947.0696 920.7091 920.1376 985.6354 972.8981 890.0436 881.0608 905.833 983.4082 928.7651 975.5469 1059.437 9999 9999 9999 9999 9999 9999 1083.591 1061.713 1021.737 960.551 913.476 909.4233 914.8433 928.6991 917.233 938.8667 980.0715 1001.412 9999 9999 9999 9999 9999 9999 9999 9999 9999 9999 9999 9999 9999 9999 9999 9999 9999 9999 9999 9999 9999 9999
1141.049 1112.783 1039.007 993.2344 988.5495 997.8154 957.1658 957.3067 998.93 993.1149 945.2522 879.3128 937.5919 1017.899 968.5178 897.0413 846.3942 851.9322 905.6199 920.6537 846.9076 852.6542 883.4365 882.626 909.2759 967.148 1031.394 1102.291 1118.645 1074.221 1069.897 1038.485 1042.631 1026.951 986.9183 997.2645 886.594 883.1503 869.1218 858.9139 861.4852 847.8844 893.4771 930.5345 954.4304 9999 9999 9999 9999 9999 9999 9999 9999 9999 9999 9999 9999 9999 9999 9999 9999 9999 9999 9999 9999 9999 9999
1151.433 1142.574 1081.471 1014.369 951.1862 932.1888 936.151 920.2527 939.8995 918.8236 876.3745 830.6673 896.1104 947.9761 930.4049 884.3008 835.5579 795.6882 847.0947 836.7504 784.6172 798.5084 833.1338 814.8066 874.368 979.0585 1032.52 1083.859 1035.6 1009.847 993.4173 966.5862 927.9404 986.3639 930.1064 890.5473 837.8913 822.0463 814.418 823.0119 814.2377 813.9413 846.0416 882.5331 900 9999 9999 9999 9999 9999 9999 9999 9999 9999 9999 9999 9999 9999 9999 9999 9999 9999 9999 9999 9999 9999 9999
9999 1171.03 1137.725 1057.789 976.1765 898.9588 901.3735 896.3564 866.0189 842.0853 805.5635 815.0555 900.7416 957.881 909.1664 811.7332 775.2835 736.3971 783.607 754.6852 714.7786 761.4737 760.3766 842.0056 923.2642 990.279 1038.831 1015.656 971.9354 950 918.0833 867.7426 876.2905 957.5215 852.6603 823.6989 774.2332 773.2029 774.8446 818.9075 801.7874 775.9781 805.1967 844.8983 908.5839 9999 9999 9999 9999 9999 9999 9999 9999 9999 9999 9999 9999 9999 9999 9999 9999 9999 9999 9999 9999 9999 9999
1177.981 1143.784 1140.205 1089.041 970.8195 891.3724 851.3169 875.0424 875 794.9586 760.2037 792.7394 872.5582 918.7311 874.7505 794.5919 727.5256 684.6359 719.7142 685.9625 733.8408 747.8986 802.4225 886.2396 922.7725 936.5132 1000.04 950.718 904.5558 863.4509 844.9607 800.304 837.0122 882.5315 801.0964 751.6388 722.0677 728.4247 791.5007 797.6085 750.0541 786.2255 816.8102 865.6094 9999 9999 9999 9999 9999 9999 9999 9999 9999 9999 9999 9999 9999 9999 9999 9999 9999 9999 9999 9999 9999 9999 9999
1132.329 1100.357 1099.712 1041.881 963.4312 896.6406 825 818.9636 863.6613 799.8868 712.1253 827.164 877.9459 905.0711 768.3283 713.4013 661.7259 611.7731 625.3845 670.4497 788.8135 815.8295 833.1176 875.7977 860.61 903.3088 972.62 895.906 850.6792 791.3787 817.5142 772.7856 771.4208 800.6049 732.4566 704.5435 705.2416 741.5203 748.3406 741.7825 752.1811 786.9178 840.5032 923.1801 9999 9999 9999 9999 9999 9999 9999 9999 9999 9999 9999 9999 9999 9999 9999 9999 9999 9999 9999 9999 9999 9999 9999
1090.316 1058.985 1009.933 947.9573 982.1248 927.9225 871.8082 806.726 727.7095 729.087 717.5115 804.5658 802.72 814.2478 761.9076 681.3691 601.5674 587.2126 672.0203 722.4888 786.6003 876.1326 817.6689 795.2281 845.7814 906.0336 944.1871 889.4771 812.3022 751.8574 754.0216 732.1515 706.4341 728.3163 696.2084 670.4291 682.3727 686.3237 698.4038 712.7704 763.3664 851.1006 885.9202 9999 9999 9999 9999 9999 9999 9999 9999 9999 9999 9999 9999 9999 9999 9999 9999 9999 9999 9999 9999 9999 9999 9999 9999
1056.639 1022.445 984.0264 897.1945 894.5153 858.2831 876.2595 790.3035 760.315 719.936 667.743 708.0894 757.3962 777.9338 707.5745 615.4147 551.0375 600.8295 700.2331 794.9818 808.2611 845.6657 780.2781 765.5457 804.067 862.645 937.4734 849.5787 774.1697 716.5629 688.1954 669.1549 649.8397 654.5808 640.3196 646.4714 667.4702 704.7382 705.9839 763.7965 800.6439 847.8432 936.7808 9999 9999 9999 9999 9999 9999 9999 9999 9999 9999 9999 9999 9999 9999 9999 9999 9999 9999 9999 9999 9999 9999 9999 9999
1021.523 974.6991 908.8497 821.8995 828.4603 784.5206 835.6951 810.0048 762.5037 697.113 640.738 682.9647 738.6601 782.5363 693.8775 605.1656 527.1502 586.9103 699.7672 726.8279 767.7107 789.6912 755.66 717.6696 753.0891 815.4186 830.3701 824.4077 743.701 701.3797 660.188 627.1694 606.459 613.5225 637.2955 680.4743 698.3887 741.7896 776.8451 774.9112 826.6773 894.6544 9999 9999 9999 9999 9999 9999 9999 9999 9999 9999 9999 9999 9999 9999 9999 9999 9999 9999 9999 9999 9999 9999 9999 9999 9999
968.5848 911.9985 899.6511 777.3433 762.9844 725.0731 784.0039 749.6812 770.4255 718.3938 653.4759 604.4651 695.7142 742.3962 657.0211 575.864 525 560.5073 680.0602 683.8425 755.6369 720.9044 724.0331 683.5465 746.7269 806.9476 787.97 796.0234 730.9271 660.0972 624.8314 592.3716 600.272 645.136 704.1605 734.7054 723.3113 757.5108 834.5763 825.1816 825.4074 906.353 9999 9999 9999 9999 9999 9999 9999 9999 9999 9999 9999 9999 9999 9999 9999 9999 9999 9999 9999 9999 9999 9999 9999 9999 9999
929.7219 860.0039 779.8724 756.3427 691.3047 666.386 704.9989 701.5618 700.4565 689.481 629.3373 583.1447 665.3848 676.0092 653.3952 598.1713 498.3935 538.1288 668.5245 632.1738 699.1232 659.0542 645.6268 663.9533 751.3817 753.7126 714.7454 745.6875 716.4513 638.4514 590.4384 578.5462 610.9382 680.4564 747.1949 790.082 775 783.505 813.2182 865.0476 866.3066 9999 9999 9999 9999 9999 9999 9999 9999 9999 9999 9999 9999 9999 9999 9999 9999 9999 9999 9999 9999 9999 9999 9999 9999 9999 9999
870.4748 821.6873 762.3374 687.0356 681.9709 624.3496 655.4701 672.4722 634.1217 701.6432 598.6158 553.7919 590.2704 633.1754 588.0672 563.9229 478.5922 546.9351 671.4576 598.3954 616.1188 616.1038 637.5175 711.1815 722.8857 710.8259 650 666.4166 702.5551 622.7928 575 584.1305 644.3837 692.5995 703.0707 714.3543 736.5284 775.4568 828.8778 883.6301 9999 9999 9999 9999 9999 9999 9999 9999 9999 9999 9999 9999 9999 9999 9999 9999 9999 9999 9999 9999 9999 9999 9999 9999 9999 9999 9999
776.7562 800.6171 720.5879 655.818 614.5505 617.6971 613.8166 608.2743 612.1698 673.1443 612.6158 563.4384 499.0074 561.733 514.7132 549.1956 473.898 539.8682 602.0289 554.5101 608.3688 609.4401 650 654.9915 648.3207 645.4473 617.6823 608.8511 675.6235 639.499 565.7433 588.1376 655.4748 645.6232 641.5012 689.2499 743.1415 805.1108 841.7626 851.0392 9999 9999 9999 9999 9999 9999 9999 9999 9999 9999 9999 9999 9999 9999 9999 9999 9999 9999 9999 9999 9999 9999 9999 9999 9999 9999 9999
711.2272 755.1521 722.53 676.2731 616.507 585.2239 573.83 572.6812 572.112 635.0359 579.8406 532.6375 475.6031 490.1152 438.9867 493.3022 451.7626 531.9263 570.2952 525 573.917 579.5278 582.5719 587.9731 580.4456 575.5704 564.6207 611.6323 663.4047 637.9048 577.8062 550.8594 580.36 590.3544 639.8179 669.9128 722.6206 785.806 781.0682 850.9043 9999 9999 9999 9999 9999 9999 9999 9999 9999 9999 9999 9999 9999 9999 9999 9999 9999 9999 9999 9999 9999 9999 9999 9999 9999 9999 9999
656.3361 677.3129 706.5327 698.8784 619.1403 575 525.6014 535.8033 532.0337 550.4714 551.4996 534.9345 450 462.8959 436.0042 442.1965 457.7413 513.3394 510.5055 500.2022 493.6014 499.9731 524.4764 525.3546 539.4471 525.5526 550.4737 573.6429 599.736 605.5733 543.1459 543.7567 599.8052 638.1642 685.463 703.1148 740.6886 723.961 777.3611 841.653 9999 9999 9999 9999 9999 9999 9999 9999 9999 9999 9999 9999 9999 9999 9999 9999 9999 9999 9999 9999 9999 9999 9999 9999 9999 9999 9999
652.993 615.0768 641.0029 681.196 635.3799 591.6349 555.9832 517.871 474.1485 475.482 511.8633 504.0122 460.7279 420.1681 434.3395 451.9037 430.3646 484.8409 475.0523 461.8979 455.4813 462.1521 470.3132 484.8098 497.6538 500.7009 514.4894 525.5515 537.885 546.3351 525 562.9772 619.1365 652.6154 650.311 645.8216 671.1233 714.0706 771.3835 831.2474 9999 9999 9999 9999 9999 9999 9999 9999 9999 9999 9999 9999 9999 9999 9999 9999 9999 9999 9999 9999 9999 9999 9999 9999 9999 9999 9999
672.236 626.0535 591.3472 629.731 671.6385 639.0868 600 571.0173 514.2179 455.1127 451.0428 477.8223 447.3893 401.0479 450.45 504.0921 448.1077 429.703 441.1716 448.213 450 450 455.4724 469.6356 474.6278 484.7317 489.3781 499.3252 506.0359 507.7642 525.1492 552.5405 554.7799 572.6839 600 628.7873 703.4621 728.9833 772.2569 848.8412 9999 9999 9999 9999 9999 9999 9999 9999 9999 9999 9999 9999 9999 9999 9999 9999 9999 9999 9999 9999 9999 9999 9999 9999 9999 9999 9999
653.1013 630.5377 580.6163 607.9754 654.6137 601.6381 552.4711 524.2941 528.6176 473.5994 426.3524 415.1704 400 409.0007 458.0429 474.0643 465.5377 454.4047 446.053 447.7531 458.2592 461.6168 460.6519 474.6565 474.6278 475 475.8553 492.1085 513.6544 535.5045 535.7296 551.3063 581.5267 612.3416 651.6017 703.075 707.1467 765.2645 816.0225 891.9839 9999 9999 9999 9999 9999 9999 9999 9999 9999 9999 9999 9999 9999 9999 9999 9999 9999 9999 9999 9999 9999 9999 9999 9999 9999 9999 9999
615.7587 626.574 569.986 569.3455 625 585.1161 530.2255 489.3022 485.2933 456.2611 425.6843 401.1397 446.6697 445.4324 459.7259 493.4924 518.8801 496.5416 476.1029 480.3227 476.66 489.5694 482.8241 496.9682 493.7916 503.9412 485.3407 500.1216 535.6153 591.1384 580.7695 552.3906 591.1309 654.5424 712.5222 766.7819 773.522 811.7213 852.48 955.7025 9999 9999 9999 9999 9999 9999 9999 9999 9999 9999 9999 9999 9999 9999 9999 9999 9999 9999 9999 9999 9999 9999 9999 9999 9999 9999 9999
599.4323 579.2454 545.1906 544.9774 602.5114 568.1238 525.7166 489.2391 454.1745 413.3596 400 418.0217 457.1784 486.8241 511.6513 546.4136 614.2984 548.7882 506.1864 500 512.6604 520.3559 505.2521 509.5682 518.4061 544.5164 520.3477 525 539.6301 580.2166 619.116 584.8337 578.4627 628.3139 656.8468 710.2018 785.8746 845.7059 924.223 950.5699 967.4818 9999 9999 9999 9999 9999 9999 9999 9999 9999 9999 9999 9999 9999 9999 9999 9999 9999 9999 9999 9999 9999 9999 9999 9999 9999 9999
611.4463 573.9731 551.5267 509.2134 567.1956 539.0171 488.7224 464.1401 440.5775 396.7418 391.0541 413.9803 460.2746 535.4958 557.0844 629.9932 669.7761 585.7523 562.6193 547.2822 579.1007 549.2241 525 525 544.9294 556.4103 550 566.2308 553.7554 553.0274 604.5201 646.881 634.2939 624.7839 662.5644 704.7372 753.3113 827.8182 860.3971 878.5436 900.0016 9999 9999 9999 9999 9999 9999 9999 9999 9999 9999 9999 9999 9999 9999 9999 9999 9999 9999 9999 9999 9999 9999 9999 9999 9999 9999
608.5627 561.0809 548.4894 498.8576 521.1866 537.0793 470.9871 431.6727 434.4377 379.1615 392.9771 417.805 490.7314 575.2928 619.5327 651.3209 651.9474 600.2963 568.3508 575.3107 596.7142 583.0695 547.8067 550.7126 562.009 581.983 584.0887 587.9268 599.9005 596.7986 598.6105 652.6754 674.457 694.0826 685.8083 719.6923 779.2565 803.1506 796.0588 811.478 839.9763 876.2757 9999 9999 9999 9999 9999 9999 9999 9999 9999 9999 9999 9999 9999 9999 9999 9999 9999 9999 9999 9999 9999 9999 9999 9999 9999
610.1492 573.1441 536.0513 507.5692 475 480.1478 497.6698 436.7405 399.7576 375.9789 397.6082 462.4378 527.5127 587.2349 651.426 609.468 601.3765 574.8589 562.001 586.1125 600 583.9913 572.4679 576.6768 601.4998 636.8167 630.6806 622.9636 626.0759 652.5778 644.5971 684.0303 669.8565 691.4789 743.0577 774.7761 771.4794 745.934 726.6959 750.9204 796.7863 843.4214 883.1308 9999 9999 9999 9999 9999 9999 9999 9999 9999 9999 9999 9999 9999 9999 9999 9999 9999 9999 9999 9999 9999 9999 9999 9999
596.8879 547.3503 533.8949 546.2669 516.1171 464.8918 425.119 406.512 393.9276 375.1253 453.1105 518.8107 582.9418 616.2568 584.7625 563.5127 528.5602 550.5888 597.0873 623.0154 631.2121 603.57 600 625.5917 673.6462 690.6453 670.8871 636.9167 637.807 662.971 644.9736 633.1018 624.9008 679.3671 746.1696 755.1105 699.2863 679.3513 723.7604 772.0727 796.2326 824.2291 888.7371 953.7588 9999 9999 9999 9999 9999 9999 9999 9999 9999 9999 9999 9999 9999 9999 9999 9999 9999 9999 9999 9999 9999 9999 9999
558.1982 495.9521 464.615 479.4924 487.1962 496.4697 449.4591 400.4585 382.583 375.1253 502.0803 580.2031 569.2747 535.5077 527.9211 505.9124 550.0604 613.1444 666.7932 699.287 707.1122 662.5929 664.7458 680.8829 715.1647 725.0426 712.8719 650.3615 625 643.1517 612.2722 598.9782 612.7402 649.3203 712.8859 705.2565 645.1082 697.1076 735.274 765.4753 821.8221 864.7323 896.0245 9999 9999 9999 9999 9999 9999 9999 9999 9999 849.6876 849.9325 9999 9999 9999 9999 9999 9999 9999 9999 9999 9999 9999 9999 763.4449
552.6299 510.6187 453.0755 414.1102 409.94 399.4724 403.2827 381.8316 375.4309 375.1253 492.6288 550 505.7367 475.9284 475 475.0139 512.8123 561.9333 609.2918 662.8612 742.8443 739.4456 732.7001 753.5543 729.8043 699.796 692.2191 657.752 608.7604 625 576.657 573.8049 603.2139 617.4444 677.0374 632.2403 616.8059 688.2639 730.8797 798.5654 806.3774 803.7219 847.032 925.6123 9999 9999 9999 9999 894.3836 837.2004 841.1436 819.1331 777.3813 782.7994 816.416 9999 9999 9999 9999 9999 9999 9999 9999 9999 805.0702 772.6615 680.639
