DTVGM_day/TopIndex/map.txt
ncols	203
nrows	150
xllcorner	946216.687500
yllcorner	4394712.000000
cellsize	100
NODATA_value	-9999.000000
[rows 0 to 33 of 150, columns 0 to 76 of 203]
-9999.00 -9999.00 -9999.00 -9999.00 -9999.00 -9999.00 -9999.00 -9999.00 -9999.00 -9999.00 -9999.00 -9999.00 -9999.00 -9999.00 -9999.00 -9999.00 -9999.00 -9999.00 -9999.00 -9999.00 -9999.00 -9999.00 -9999.00 -9999.00 -9999.00 -9999.00 -9999.00 -9999.00 -9999.00 -9999.00 -9999.00 -9999.00 -9999.00 -9999.00 -9999.00 -9999.00 -9999.00 -9999.00 -9999.00 -9999.00 -9999.00 -9999.00 -9999.00 -9999.00 -9999.00 -9999.00 -9999.00 -9999.00 -9999.00 -9999.00 -9999.00 -9999.00 -9999.00 -9999.00 -9999.00 -9999.00 -9999.00 -9999.00 -9999.00 -9999.00 -9999.00 -9999.00 -9999.00 -9999.00 -9999.00 -9999.00 -9999.00 -9999.00 6.31 -9999.00 -9999.00 6.22 -9999.00 -9999.00 -9999.00 -9999.00 -9999.00
-9999.00 -9999.00 -9999.00 -9999.00 -9999.00 -9999.00 -9999.00 -9999.00 -9999.00 -9999.00 -9999.00 -9999.00 -9999.00 -9999.00 -9999.00 -9999.00 -9999.00 -9999.00 -9999.00 -9999.00 -9999.00 -9999.00 -9999.00 -9999.00 -9999.00 -9999.00 -9999.00 -9999.00 -9999.00 -9999.00 -9999.00 -9999.00 -9999.00 -9999.00 -9999.00 -9999.00 -9999.00 -9999.00 -9999.00 -9999.00 -9999.00 -9999.00 -9999.00 -9999.00 -9999.00 -9999.00 -9999.00 -9999.00 -9999.00 -9999.00 -9999.00 -9999.00 -9999.00 -9999.00 -9999.00 -9999.00 -9999.00 -9999.00 -9999.00 -9999.00 -9999.00 -9999.00 -9999.00 -9999.00 -9999.00 -9999.00 -9999.00 5.94 6.85 6.21 6.42 5.95 6.09 6.88 5.31 -9999.00 -9999.00
-9999.00 -9999.00 -9999.00 -9999.00 -9999.00 -9999.00 -9999.00 -9999.00 -9999.00 -9999.00 -9999.00 -9999.00 -9999.00 -9999.00 -9999.00 -9999.00 -9999.00 -9999.00 -9999.00 -9999.00 -9999.00 -9999.00 -9999.00 -9999.00 -9999.00 -9999.00 -9999.00 -9999.00 -9999.00 -9999.00 -9999.00 -9999.00 -9999.00 -9999.00 -9999.00 -9999.00 -9999.00 -9999.00 -9999.00 -9999.00 -9999.00 -9999.00 -9999.00 -9999.00 -9999.00 -9999.00 -9999.00 -9999.00 -9999.00 -9999.00 -9999.00 -9999.00 -9999.00 -9999.00 -9999.00 -9999.00 -9999.00 -9999.00 -9999.00 -9999.00 -9999.00 -9999.00 -9999.00 -9999.00 -9999.00 -9999.00 -9999.00 5.59 7.06 6.71 7.10 6.40 6.99 7.65 5.48 4.96 4.91
-9999.00 -9999.00 -9999.00 -9999.00 -9999.00 -9999.00 -9999.00 -9999.00 -9999.00 -9999.00 -9999.00 -9999.00 -9999.00 -9999.00 -9999.00 -9999.00 -9999.00 -9999.00 -9999.00 -9999.00 -9999.00 -9999.00 -9999.00 -9999.00 -9999.00 -9999.00 -9999.00 -9999.00 -9999.00 -9999.00 -9999.00 -9999.00 -9999.00 -9999.00 -9999.00 -9999.00 -9999.00 -9999.00 -9999.00 -9999.00 -9999.00 -9999.00 -9999.00 -9999.00 -9999.00 -9999.00 -9999.00 -9999.00 -9999.00 -9999.00 -9999.00 -9999.00 -9999.00 -9999.00 -9999.00 -9999.00 -9999.00 -9999.00 -9999.00 -9999.00 -9999.00 -9999.00 -9999.00 -9999.00 -9999.00 -9999.00 -9999.00 7.68 7.83 7.35 7.65 6.16 7.62 8.00 5.73 5.38 5.10
-9999.00 -9999.00 -9999.00 -9999.00 -9999.00 -9999.00 -9999.00 -9999.00 -9999.00 -9999.00 -9999.00 -9999.00 -9999.00 -9999.00 -9999.00 -9999.00 -9999.00 -9999.00 -9999.00 -9999.00 -9999.00 -9999.00 -9999.00 -9999.00 -9999.00 -9999.00 -9999.00 -9999.00 -9999.00 -9999.00 -9999.00 -9999.00 -9999.00 -9999.00 -9999.00 -9999.00 -9999.00 -9999.00 -9999.00 -9999.00 -9999.00 -9999.00 -9999.00 -9999.00 -9999.00 -9999.00 -9999.00 -9999.00 -9999.00 -9999.00 -9999.00 -9999.00 -9999.00 -9999.00 -9999.00 -9999.00 -9999.00 -9999.00 -9999.00 -9999.00 -9999.00 -9999.00 -9999.00 -9999.00 -9999.00 -9999.00 -9999.00 7.03 6.64 8.43 8.16 7.46 7.10 8.67 6.30 5.72 5.12
-9999.00 -9999.00 -9999.00 -9999.00 -9999.00 -9999.00 -9999.00 -9999.00 -9999.00 -9999.00 -9999.00 -9999.00 -9999.00 -9999.00 -9999.00 -9999.00 -9999.00 -9999.00 -9999.00 -9999.00 -9999.00 -9999.00 -9999.00 -9999.00 -9999.00 -9999.00 -9999.00 -9999.00 -9999.00 -9999.00 -9999.00 -9999.00 -9999.00 -9999.00 -9999.00 -9999.00 -9999.00 -9999.00 -9999.00 -9999.00 -9999.00 -9999.00 -9999.00 -9999.00 -9999.00 -9999.00 -9999.00 -9999.00 -9999.00 -9999.00 -9999.00 -9999.00 -9999.00 -9999.00 -9999.00 -9999.00 -9999.00 -9999.00 -9999.00 -9999.00 -9999.00 -9999.00 -9999.00 -9999.00 -9999.00 -9999.00 -9999.00 5.65 5.67 7.26 9.54 8.16 5.74 8.44 7.89 5.40 5.23
-9999.00 -9999.00 -9999.00 -9999.00 -9999.00 -9999.00 -9999.00 -9999.00 -9999.00 -9999.00 -9999.00 -9999.00 -9999.00 -9999.00 -9999.00 -9999.00 -9999.00 -9999.00 -9999.00 -9999.00 -9999.00 -9999.00 -9999.00 -9999.00 -9999.00 -9999.00 -9999.00 -9999.00 -9999.00 -9999.00 -9999.00 -9999.00 -9999.00 -9999.00 -9999.00 -9999.00 -9999.00 -9999.00 -9999.00 -9999.00 -9999.00 -9999.00 -9999.00 -9999.00 -9999.00 -9999.00 -9999.00 -9999.00 -9999.00 -9999.00 -9999.00 -9999.00 -9999.00 -9999.00 -9999.00 -9999.00 -9999.00 -9999.00 -9999.00 -9999.00 -9999.00 -9999.00 -9999.00 -9999.00 -9999.00 -9999.00 -9999.00 6.31 5.28 5.69 6.44 9.33 9.07 7.42 8.31 5.80 5.57
-9999.00 -9999.00 -9999.00 -9999.00 -9999.00 -9999.00 -9999.00 -9999.00 -9999.00 -9999.00 -9999.00 -9999.00 -9999.00 -9999.00 -9999.00 -9999.00 -9999.00 -9999.00 -9999.00 -9999.00 -9999.00 -9999.00 -9999.00 -9999.00 -9999.00 -9999.00 -9999.00 -9999.00 -9999.00 -9999.00 -9999.00 -9999.00 -9999.00 -9999.00 -9999.00 -9999.00 -9999.00 -9999.00 -9999.00 -9999.00 -9999.00 -9999.00 -9999.00 -9999.00 -9999.00 -9999.00 -9999.00 -9999.00 -9999.00 -9999.00 -9999.00 -9999.00 -9999.00 -9999.00 -9999.00 -9999.00 -9999.00 -9999.00 -9999.00 -9999.00 -9999.00 -9999.00 -9999.00 -9999.00 -9999.00 -9999.00 -9999.00 -9999.00 4.85 4.77 5.21 5.71 9.98 8.11 7.63 8.26 7.16
-9999.00 -9999.00 -9999.00 -9999.00 -9999.00 -9999.00 -9999.00 -9999.00 -9999.00 -9999.00 -9999.00 -9999.00 -9999.00 -9999.00 -9999.00 -9999.00 -9999.00 -9999.00 -9999.00 -9999.00 -9999.00 -9999.00 -9999.00 -9999.00 -9999.00 -9999.00 -9999.00 -9999.00 -9999.00 -9999.00 -9999.00 -9999.00 -9999.00 -9999.00 -9999.00 -9999.00 -9999.00 -9999.00 -9999.00 -9999.00 -9999.00 -9999.00 -9999.00 -9999.00 -9999.00 -9999.00 -9999.00 -9999.00 -9999.00 -9999.00 -9999.00 -9999.00 -9999.00 -9999.00 -9999.00 -9999.00 -9999.00 -9999.00 -9999.00 -9999.00 4.94 5.43 5.52 4.79 -9999.00 -9999.00 6.89 4.80 5.87 4.73 4.53 5.66 8.13 9.98 6.84 5.44 8.16
-9999.00 -9999.00 -9999.00 -9999.00 -9999.00 -9999.00 -9999.00 -9999.00 -9999.00 -9999.00 -9999.00 -9999.00 -9999.00 -9999.00 -9999.00 -9999.00 -9999.00 -9999.00 -9999.00 -9999.00 -9999.00 -9999.00 -9999.00 -9999.00 -9999.00 -9999.00 -9999.00 -9999.00 -9999.00 -9999.00 -9999.00 -9999.00 -9999.00 -9999.00 -9999.00 -9999.00 -9999.00 -9999.00 -9999.00 -9999.00 -9999.00 -9999.00 -9999.00 -9999.00 -9999.00 -9999.00 -9999.00 -9999.00 -9999.00 -9999.00 -9999.00 -9999.00 -9999.00 -9999.00 -9999.00 -9999.00 4.94 4.77 4.62 4.62 6.04 6.99 5.91 4.81 4.28 5.07 6.37 5.83 6.36 4.88 5.00 5.76 6.26 10.84 9.46 4.31 4.85
-9999.00 -9999.00 -9999.00 -9999.00 -9999.00 -9999.00 -9999.00 -9999.00 -9999.00 -9999.00 -9999.00 -9999.00 -9999.00 -9999.00 -9999.00 -9999.00 -9999.00 -9999.00 -9999.00 -9999.00 -9999.00 -9999.00 -9999.00 -9999.00 -9999.00 -9999.00 -9999.00 -9999.00 -9999.00 -9999.00 -9999.00 -9999.00 -9999.00 4.96 6.73 4.86 5.42 5.74 -9999.00 -9999.00 -9999.00 -9999.00 -9999.00 -9999.00 -9999.00 -9999.00 -9999.00 -9999.00 -9999.00 -9999.00 -9999.00 -9999.00 -9999.00 -9999.00 5.55 4.94 6.03 6.45 6.06 5.78 6.27 7.34 6.07 5.57 4.73 5.87 6.54 6.33 6.43 6.48 7.11 4.27 4.77 5.19 8.62 12.62 6.90
-9999.00 -9999.00 -9999.00 -9999.00 -9999.00 -9999.00 -9999.00 -9999.00 -9999.00 -9999.00 -9999.00 -9999.00 -9999.00 -9999.00 -9999.00 -9999.00 -9999.00 -9999.00 -9999.00 -9999.00 -9999.00 -9999.00 -9999.00 -9999.00 -9999.00 -9999.00 5.30 6.27 4.55 6.21 5.96 4.76 4.80 5.72 7.50 6.31 7.72 6.23 -9999.00 -9999.00 -9999.00 -9999.00 -9999.00 -9999.00 -9999.00 -9999.00 -9999.00 -9999.00 -9999.00 -9999.00 -9999.00 -9999.00 5.12 4.61 5.23 6.77 6.39 5.71 6.38 6.91 7.46 7.67 6.46 5.14 4.48 7.00 6.40 6.23 6.27 5.71 7.21 5.81 6.16 4.47 7.47 7.45 9.31
-9999.00 -9999.00 -9999.00 -9999.00 -9999.00 -9999.00 -9999.00 -9999.00 -9999.00 -9999.00 -9999.00 -9999.00 -9999.00 -9999.00 -9999.00 -9999.00 -9999.00 -9999.00 -9999.00 -9999.00 -9999.00 -9999.00 -9999.00 -9999.00 -9999.00 5.66 5.58 6.89 5.48 6.99 5.26 5.31 5.65 5.81 7.26 9.70 6.84 4.64 -9999.00 5.13 4.85 5.39 -9999.00 -9999.00 -9999.00 -9999.00 -9999.00 -9999.00 -9999.00 -9999.00 -9999.00 4.80 5.86 5.42 5.76 6.23 8.23 5.35 7.19 8.69 9.15 7.76 5.43 5.81 3.86 6.44 6.77 5.65 6.17 6.44 8.00 6.20 7.31 4.75 4.94 6.09 8.27
-9999.00 -9999.00 -9999.00 -9999.00 -9999.00 -9999.00 -9999.00 -9999.00 -9999.00 -9999.00 -9999.00 -9999.00 -9999.00 -9999.00 -9999.00 -9999.00 -9999.00 -9999.00 -9999.00 5.62 5.69 6.23 -9999.00 -9999.00 5.40 6.47 5.00 7.79 6.04 8.17 6.11 4.72 5.96 7.46 5.27 10.53 5.91 4.95 5.62 5.21 6.43 5.77 5.59 5.30 -9999.00 -9999.00 5.02 4.74 5.34 4.84 5.52 5.91 6.60 7.50 6.88 6.72 8.13 6.26 5.68 10.57 7.35 5.38 6.67 5.26 4.13 5.50 7.33 5.65 6.44 4.93 7.96 7.11 7.72 4.64 6.08 4.46 5.11
-9999.00 -9999.00 -9999.00 -9999.00 -9999.00 -9999.00 -9999.00 -9999.00 -9999.00 -9999.00 -9999.00 -9999.00 -9999.00 -9999.00 -9999.00 -9999.00 6.00 7.44 5.65 5.52 8.23 5.91 5.14 5.50 5.28 7.31 6.75 7.88 7.77 6.97 5.77 4.51 6.57 8.66 4.51 5.96 9.41 5.96 6.21 6.31 7.88 6.24 6.28 4.84 4.41 5.06 5.88 4.78 5.80 5.75 5.32 5.75 6.81 8.12 8.97 9.58 10.12 8.61 5.61 9.42 4.71 7.39 6.47 5.29 5.27 6.41 7.46 5.03 6.20 7.24 6.62 8.43 8.91 6.01 6.35 6.06 5.41
-9999.00 -9999.00 -9999.00 -9999.00 -9999.00 -9999.00 -9999.00 -9999.00 -9999.00 -9999.00 -9999.00 -9999.00 -9999.00 -9999.00 -9999.00 -9999.00 6.07 6.77 7.40 7.17 7.03 7.74 7.39 6.93 4.59 6.55 8.22 8.96 6.43 7.70 5.99 4.93 8.39 7.11 4.70 8.05 8.73 8.89 5.09 7.23 7.94 7.04 5.36 5.17 5.62 5.50 6.62 5.35 5.28 6.41 6.58 4.82 5.33 4.61 5.29 5.41 6.09 9.53 11.27 8.78 5.53 7.94 6.16 5.75 5.18 6.27 8.09 4.91 5.73 6.24 7.90 6.37 10.41 6.75 5.62 7.85 4.08
-9999.00 -9999.00 -9999.00 -9999.00 -9999.00 -9999.00 -9999.00 -9999.00 -9999.00 -9999.00 -9999.00 -9999.00 -9999.00 -9999.00 -9999.00 5.24 5.55 6.23 8.09 8.13 7.43 7.88 5.58 5.43 4.72 6.69 9.52 8.13 9.08 6.95 4.86 4.87 8.56 6.73 5.15 8.55 8.98 4.18 5.71 9.44 8.31 5.98 6.36 6.75 5.64 5.62 7.49 6.08 4.91 6.30 7.47 5.23 6.52 5.23 5.98 6.81 6.73 6.28 9.93 9.17 7.75 6.77 7.23 6.01 6.56 6.35 8.35 6.67 4.82 6.51 8.09 10.40 8.40 8.07 7.39 7.28 4.24
-9999.00 -9999.00 -9999.00 -9999.00 -9999.00 -9999.00 -9999.00 -9999.00 6.06 6.11 8.50 5.65 5.74 6.72 5.41 5.93 6.62 5.74 6.31 8.49 9.80 7.05 6.56 6.36 4.93 5.04 9.20 8.83 9.21 6.42 4.91 6.45 8.75 6.91 6.41 10.39 8.41 6.07 9.45 8.82 4.94 6.07 7.93 6.00 4.74 5.30 6.68 7.51 5.72 5.43 7.90 7.43 7.92 5.50 4.29 5.28 5.43 6.74 9.92 10.93 7.65 8.08 8.43 6.36 7.65 4.41 7.93 7.90 4.93 5.40 5.88 7.65 9.61 8.78 7.70 7.43 4.26
-9999.00 -9999.00 -9999.00 6.13 7.31 6.87 6.61 7.33 6.58 5.66 8.81 7.45 7.58 8.16 6.99 5.40 7.41 8.25 8.75 9.01 11.24 9.82 5.81 6.28 6.14 5.38 7.99 10.60 7.65 4.88 6.94 8.01 4.41 8.51 6.13 6.43 11.74 10.20 7.93 4.87 6.27 8.27 7.72 5.53 5.58 4.88 6.68 7.86 5.98 4.69 5.89 8.63 7.31 6.81 4.27 5.51 6.32 5.85 6.24 11.57 9.35 8.17 5.33 7.72 7.58 4.95 7.86 9.69 6.63 5.03 4.67 6.42 8.40 12.61 8.36 7.44 5.77
-9999.00 -9999.00 6.77 5.68 7.15 7.33 6.34 7.83 6.83 9.18 6.89 9.28 7.90 9.52 8.13 5.68 5.25 5.24 5.43 5.79 6.16 11.51 7.96 6.57 6.31 5.09 7.09 11.19 5.25 5.41 8.79 6.98 4.75 6.97 8.03 10.99 5.36 5.25 5.06 4.18 9.86 8.49 4.73 6.06 6.64 6.13 6.17 8.41 6.91 5.34 4.42 8.98 7.57 6.75 4.42 4.65 6.42 7.87 7.55 6.75 12.39 7.63 5.54 8.64 7.60 4.56 6.79 8.12 10.79 6.36 4.69 5.83 6.43 7.10 10.27 12.01 8.19
-9999.00 5.86 9.25 6.54 5.02 8.74 7.67 8.92 8.16 8.17 5.50 6.19 10.17 7.98 9.82 5.52 5.33 4.94 6.18 6.04 7.25 9.21 12.42 6.76 6.09 5.56 10.76 4.47 7.39 9.82 9.60 6.58 4.78 5.50 10.36 11.03 4.93 9.48 9.71 9.07 6.81 5.83 4.59 6.85 7.85 6.88 6.06 8.19 7.91 6.18 5.38 8.02 9.14 6.83 5.54 5.86 4.64 5.37 6.56 7.24 7.81 11.82 6.76 9.59 5.35 4.37 4.95 5.56 7.17 11.08 6.01 4.47 4.72 4.80 4.57 6.41 11.44
6.00 5.23 8.76 7.45 6.65 5.58 7.90 10.80 9.20 8.57 7.33 7.06 5.87 5.46 10.06 5.05 6.83 7.76 5.62 5.77 7.68 6.15 8.71 11.15 6.75 5.51 12.82 6.77 11.47 7.58 6.21 5.19 5.45 6.84 11.60 5.11 10.32 8.97 5.17 5.05 4.82 4.43 4.64 5.49 8.18 9.93 5.64 8.33 8.95 7.29 7.48 5.84 8.56 8.39 8.26 6.40 5.53 7.29 5.30 6.11 6.38 10.18 11.43 5.75 6.22 4.70 5.66 6.09 5.72 10.79 5.98 4.55 5.79 6.46 6.74 4.66 5.87
7.38 7.05 7.15 8.60 5.61 8.12 6.67 12.60 9.20 5.77 6.67 5.27 6.13 5.76 9.55 4.85 5.60 9.45 6.41 4.81 4.98 6.08 6.34 11.83 11.26 5.99 10.61 9.60 6.04 5.55 4.93 5.33 5.16 10.28 10.43 9.60 6.01 4.26 5.85 6.91 7.08 6.26 4.65 5.61 5.46 6.68 9.47 6.10 8.22 8.31 8.79 7.27 6.09 9.55 8.21 5.25 5.86 7.03 7.39 5.46 5.70 6.05 12.06 7.25 5.50 4.74 6.41 7.72 4.95 9.62 9.11 4.70 5.66 6.87 8.60 6.44 6.01
5.88 7.64 6.94 9.65 5.99 5.22 8.23 10.34 5.02 6.46 5.35 4.52 5.56 6.89 10.91 7.89 6.01 6.07 8.73 5.66 8.30 4.87 5.19 5.76 10.22 12.91 11.77 5.71 4.65 4.24 5.94 6.31 5.43 10.49 9.60 8.91 5.46 7.35 8.90 7.31 6.13 4.79 4.62 5.10 6.69 6.16 7.29 10.09 7.70 7.88 10.09 7.99 7.97 8.90 9.81 5.52 4.82 6.98 8.55 8.08 4.82 6.15 12.33 6.02 5.00 5.13 6.34 8.07 7.78 10.43 9.44 4.58 5.48 5.91 6.43 7.58 8.26
6.28 5.86 7.03 9.49 10.66 7.23 6.33 10.25 5.60 7.52 5.61 4.98 6.01 4.78 5.82 9.78 11.59 5.76 8.90 6.86 6.39 5.81 4.90 4.76 4.85 7.65 12.42 5.40 4.98 5.23 6.93 6.69 9.13 11.37 11.53 10.05 9.63 8.65 6.67 5.50 4.25 6.22 4.97 5.09 6.77 7.98 8.84 9.83 11.02 7.84 6.35 10.00 9.87 7.92 8.72 6.84 4.81 5.03 6.16 8.54 8.22 6.64 12.03 5.34 7.68 6.40 4.84 5.98 7.32 7.11 11.63 4.81 5.80 6.78 6.85 6.74 9.44
8.45 8.92 9.92 7.46 7.12 10.78 5.48 10.85 8.94 6.72 5.24 5.94 7.23 5.70 4.79 5.32 8.31 10.50 11.48 7.85 5.30 7.93 6.27 5.53 6.17 6.77 10.19 5.07 5.05 6.46 6.60 5.83 11.51 10.64 5.49 7.06 8.29 6.56 6.48 5.01 5.88 6.57 7.77 7.51 6.05 6.58 4.49 5.20 5.40 12.13 6.22 5.55 11.28 10.23 7.54 6.81 4.57 5.47 5.35 4.91 8.17 9.55 12.29 7.91 6.89 4.53 4.63 5.94 7.84 6.65 11.61 5.69 4.65 6.89 8.96 5.64 12.99
6.81 6.56 5.63 5.58 6.80 10.71 8.76 4.68 11.16 6.80 6.28 7.20 8.01 5.99 6.47 5.02 6.15 6.28 5.99 11.64 8.05 6.33 4.95 6.02 6.30 5.47 7.87 7.76 6.21 6.34 5.82 9.73 13.02 6.13 5.10 4.56 5.01 5.13 4.43 5.90 8.25 4.93 8.08 7.69 5.20 4.01 4.85 5.70 6.65 10.80 8.38 4.93 8.68 11.29 7.36 5.15 4.70 6.93 7.62 8.24 7.26 8.96 12.79 6.14 4.82 5.02 6.20 5.24 5.80 7.35 7.68 12.55 6.53 4.39 6.03 8.49 14.51
5.56 5.28 5.76 7.35 6.81 6.57 10.89 11.65 12.59 9.45 10.98 7.56 7.56 6.08 7.26 5.88 5.20 5.37 5.74 5.52 13.03 7.09 6.50 5.40 6.74 6.89 6.75 9.91 6.58 5.93 11.00 11.67 5.82 5.07 4.43 5.71 7.19 5.64 4.11 5.20 8.47 7.19 6.74 8.86 7.90 5.21 6.04 7.08 6.86 9.04 11.09 6.23 4.74 11.35 5.94 6.39 4.35 5.64 6.16 7.00 7.80 8.51 13.78 6.40 6.21 5.62 6.89 4.92 5.95 5.63 4.35 4.87 10.34 10.66 10.13 9.07 9.84
-9999.00 5.64 6.58 6.20 7.33 9.01 8.59 6.51 8.46 12.94 10.98 12.30 9.85 8.20 8.70 7.11 4.68 6.28 6.69 6.46 13.28 6.31 6.01 4.40 5.93 4.90 4.29 7.11 11.11 8.98 12.25 7.03 5.08 5.78 5.59 5.06 8.27 6.59 5.81 7.77 9.22 5.79 4.24 8.48 9.76 4.68 6.15 6.97 6.99 7.33 9.66 12.43 6.44 11.94 6.97 5.68 4.71 5.33 6.04 6.46 6.09 6.34 9.50 12.53 4.88 8.43 6.72 5.85 7.36 8.07 5.65 5.02 4.23 7.18 9.59 10.32 8.05
-9999.00 5.51 7.15 7.80 8.61 5.91 6.08 5.21 6.91 5.63 6.67 9.74 12.74 11.74 15.56 7.16 6.54 4.89 6.55 10.40 10.98 6.09 6.64 4.74 6.59 7.57 7.15 5.83 9.47 11.30 10.03 5.59 5.87 7.43 4.40 6.28 9.90 6.14 5.79 7.97 8.24 5.94 4.49 9.19 6.35 4.46 5.19 5.43 6.16 6.84 5.26 5.83 11.81 11.02 9.70 6.04 5.37 3.99 5.41 6.99 6.99 7.54 6.82 11.99 5.90 7.97 4.91 5.35 5.55 7.48 8.22 6.38 6.84 6.81 9.91 13.32 7.81
-9999.00 5.36 4.85 4.71 5.08 4.72 4.92 5.34 5.65 4.84 6.37 6.81 5.85 5.63 6.16 13.09 7.70 5.58 6.23 5.99 10.40 8.72 6.35 4.90 4.32 5.53 6.79 8.10 13.13 13.35 8.17 7.00 6.93 5.37 4.52 6.04 9.09 4.57 6.06 9.19 8.36 5.88 4.37 10.02 5.64 5.49 4.42 4.86 4.87 5.03 6.01 6.12 5.79 12.60 9.64 5.90 5.01 4.35 5.18 6.41 7.16 7.30 8.32 13.39 9.33 7.77 4.82 5.06 6.86 5.36 8.06 9.87 8.08 7.81 9.69 8.86 7.37
-9999.00 6.79 6.71 6.51 6.13 6.27 4.99 5.72 6.81 6.47 4.92 5.97 5.11 4.63 5.36 6.52 13.39 5.65 13.03 12.26 13.03 10.33 5.33 5.41 5.18 5.75 5.09 5.62 10.25 12.82 7.18 5.41 5.03 5.22 5.82 9.52 7.76 6.14 6.13 9.17 9.25 5.52 4.60 9.41 6.10 5.36 4.44 4.23 4.67 5.07 5.58 6.41 7.20 9.80 13.64 6.34 5.29 4.98 4.56 4.69 5.96 5.46 6.66 12.83 11.17 5.57 4.93 5.12 8.07 4.92 6.12 11.91 4.61 8.11 6.48 8.17 4.99
5.14 5.47 6.97 8.32 7.64 9.44 6.41 6.11 7.07 6.39 7.01 6.53 4.68 5.30 5.37 5.61 7.19 11.29 12.94 4.51 5.34 14.66 5.66 5.13 5.10 6.53 7.31 6.73 18.87 6.22 6.03 5.73 4.99 6.23 8.96 7.90 8.11 7.17 4.70 5.42 9.78 8.09 8.72 7.21 6.68 5.48 5.39 4.64 5.94 6.20 6.03 5.98 4.81 6.68 12.05 6.71 5.20 5.39 5.57 5.27 6.05 4.47 5.41 7.01 15.64 4.86 5.80 6.07 6.97 6.61 6.62 9.70 6.27 5.93 4.76 4.31 4.89
6.04 5.85 6.89 7.29 9.58 8.16 8.56 10.24 9.33 5.74 7.79 6.46 5.00 5.89 6.35 8.11 9.74 12.24 4.30 5.36 5.70 12.74 10.90 6.07 5.07 5.49 5.56 8.25 12.03 6.79 6.75 5.27 7.91 10.58 10.21 9.05 7.32 5.37 5.40 6.13 10.42 9.99 7.15 8.30 5.54 5.72 6.08 4.62 5.06 6.48 7.62 8.38 7.51 6.29 14.20 8.16 5.74 5.85 5.72 5.70 7.63 6.43 5.49 5.10 11.83 4.81 6.42 5.28 7.34 6.91 6.66 13.35 7.61 6.28 4.98 4.28 5.27
