DTVGM_day/TopIndex/map.txt
ncols	203
nrows	150
xllcorner	946216.687500
yllcorner	4394712.000000
cellsize	100
NODATA_value	-9999.000000
[rows 34 to 67 of 150, columns 77 to 153 of 203]
11.83 5.56 5.44 5.15 5.16 5.02 4.20 5.14 5.22 5.92 9.90 5.51 4.92 5.40 4.75 5.53 4.77 5.64 5.63 6.21 9.25 10.88 10.03 10.83 10.53 8.32 6.47 6.84 7.02 5.42 5.03 4.69 6.10 7.87 6.64 5.60 4.86 5.22 6.89 8.47 7.93 9.12 10.32 4.30 9.59 5.39 4.49 4.81 5.64 6.70 6.84 7.20 5.02 4.91 5.75 6.49 7.24 4.85 5.03 10.12 9.14 5.44 5.73 6.37 6.55 6.55 4.96 6.99 7.75 6.41 8.43 7.25 7.63 6.20 5.42 5.80 6.32
11.21 5.22 4.58 4.36 5.23 5.16 5.05 6.00 5.73 8.97 5.41 5.27 5.89 6.02 5.65 5.42 4.45 4.43 4.53 5.09 6.05 13.23 11.27 5.15 5.69 4.62 5.03 5.34 5.83 5.55 4.74 5.31 7.90 6.82 5.35 7.38 5.72 5.45 5.98 6.12 4.96 6.02 7.50 10.57 9.93 5.41 5.01 5.27 5.86 7.06 8.64 7.40 5.51 4.20 6.36 7.18 8.31 8.97 8.35 12.16 7.64 5.17 6.90 7.30 5.66 6.21 5.02 7.50 7.27 6.78 9.04 8.05 6.93 6.68 6.10 7.07 7.31
13.36 5.92 5.52 5.19 6.77 5.29 5.73 6.79 7.53 9.62 6.61 5.97 6.13 6.65 6.15 6.33 5.34 5.50 4.94 4.83 6.91 13.57 6.84 6.12 5.64 7.14 8.02 7.13 6.97 5.25 5.45 7.23 8.66 5.55 6.19 7.81 4.60 3.75 3.90 4.71 6.06 6.60 7.03 6.74 10.61 5.11 5.66 5.91 6.32 9.60 8.18 5.39 4.29 5.32 4.91 5.14 5.28 5.30 7.30 8.19 11.43 5.65 8.56 7.38 6.63 6.92 5.97 9.07 9.44 7.55 8.19 8.33 6.82 6.11 7.45 5.23 6.85
13.61 7.01 5.72 5.84 6.72 5.37 5.85 8.85 9.01 6.03 5.46 5.74 6.48 7.82 5.65 6.67 5.66 6.03 6.45 5.03 10.36 8.13 9.17 9.34 8.87 8.56 6.72 6.68 5.37 4.89 6.06 8.87 4.84 6.06 9.45 6.70 4.72 4.16 5.12 5.89 5.50 5.14 6.36 9.31 10.57 11.25 10.93 8.84 9.10 5.85 5.10 5.60 4.54 5.19 7.19 4.85 5.21 6.01 5.90 6.98 11.26 8.60 8.76 7.98 5.30 7.16 6.30 9.90 7.23 8.49 8.04 5.70 4.94 7.24 7.80 4.66 7.83
11.07 5.90 7.18 6.90 6.64 6.37 8.78 10.73 8.33 6.86 6.18 5.97 6.27 8.50 6.18 6.80 6.09 5.33 6.85 6.75 6.96 7.24 4.84 5.28 6.85 6.28 5.18 4.06 6.29 5.51 7.78 6.96 7.48 7.43 9.04 5.03 4.77 5.37 4.52 5.06 6.70 7.32 8.70 4.65 6.13 9.23 9.98 12.96 9.86 7.30 6.53 5.79 3.92 4.78 6.50 7.94 6.73 5.77 6.82 7.61 11.92 8.69 4.86 4.28 5.58 7.81 8.28 9.86 9.09 8.42 5.60 4.67 6.94 8.40 6.03 4.79 5.00
10.61 11.49 12.73 11.54 11.62 12.28 10.60 8.77 8.37 7.11 6.72 4.75 5.99 9.52 7.08 7.85 6.23 5.80 6.33 11.71 10.40 8.29 8.03 7.26 5.31 4.44 4.97 4.73 6.82 6.05 9.27 5.53 7.57 10.86 5.78 4.32 5.80 5.20 5.77 5.02 4.93 5.72 4.59 4.37 5.54 4.67 5.55 4.21 6.14 8.70 5.32 4.48 4.17 4.80 4.97 6.49 8.42 7.25 6.66 7.07 13.17 6.97 5.20 5.57 6.33 8.19 10.57 10.49 7.37 5.47 5.46 4.59 6.61 9.06 7.22 4.94 5.67
6.52 5.95 5.11 10.04 10.30 7.37 5.58 4.80 7.13 7.55 5.82 4.64 6.23 7.48 8.06 8.24 7.77 6.31 9.64 6.56 5.24 4.74 4.00 5.43 4.69 6.01 5.27 6.40 8.20 7.68 7.82 6.72 10.84 6.30 4.68 5.13 6.40 6.56 6.69 5.21 7.03 4.52 5.79 5.21 4.23 4.23 4.93 5.14 6.15 7.36 6.44 6.21 5.58 5.67 4.91 4.91 6.08 9.43 6.97 6.38 12.99 7.23 6.96 5.93 9.04 11.73 10.58 5.45 5.42 4.66 7.16 5.35 6.72 9.41 6.05 6.33 5.44
8.05 6.87 5.61 8.69 7.28 7.82 7.97 6.89 5.46 4.52 4.67 6.38 5.16 6.33 6.77 7.04 7.89 10.26 12.06 5.21 4.51 5.21 6.03 5.49 5.61 6.15 5.39 8.52 10.00 7.63 4.47 9.88 6.33 4.56 6.18 7.51 7.47 7.26 8.64 7.22 7.21 6.71 7.14 6.11 5.47 5.68 4.32 5.82 9.35 8.13 4.78 4.83 5.81 5.90 4.66 4.77 5.51 6.23 8.90 7.32 7.37 11.80 7.90 5.12 13.83 8.69 6.23 7.01 6.50 6.42 6.75 7.33 4.71 10.87 4.96 7.69 5.84
6.64 6.39 5.42 7.92 5.74 7.28 5.13 5.67 5.21 5.57 6.15 5.84 5.87 6.71 6.99 7.74 8.23 10.09 6.27 4.88 5.52 5.86 7.72 5.84 6.83 6.11 9.81 9.34 7.32 5.01 5.37 10.49 8.11 7.24 7.76 6.32 5.48 5.01 7.47 8.94 9.01 8.30 9.94 9.04 5.84 5.41 5.81 4.90 5.44 9.38 5.56 4.87 5.69 5.47 5.60 5.42 4.93 5.74 8.13 8.75 8.61 12.73 10.97 10.96 8.39 7.45 8.16 7.03 6.03 7.00 7.64 6.76 4.25 6.81 9.62 7.51 6.06
9.38 8.90 4.85 7.07 5.01 5.51 5.78 5.74 6.29 6.40 6.65 5.97 7.65 6.61 7.46 7.58 9.62 15.05 5.55 5.40 7.85 8.24 7.34 5.40 9.11 10.55 9.05 5.21 5.63 5.31 9.15 5.86 9.36 8.25 5.72 5.11 5.76 5.19 4.97 5.03 5.78 8.38 9.03 10.43 10.72 11.14 11.73 11.37 5.02 11.22 6.23 5.23 6.06 5.16 6.15 6.12 5.31 6.52 6.10 6.97 8.89 11.53 11.67 7.50 7.13 7.59 6.05 5.00 4.11 6.64 8.54 6.33 4.45 5.37 9.68 8.85 7.78
5.51 7.60 7.42 4.68 5.66 5.37 6.53 7.76 7.88 6.55 6.40 8.16 5.59 6.34 7.10 8.72 10.67 6.20 5.86 7.72 8.80 6.61 5.39 5.09 10.77 7.85 6.85 5.79 4.87 5.56 9.14 8.60 7.85 9.94 8.52 8.40 7.93 6.85 5.18 8.05 7.74 7.08 8.69 9.91 6.33 4.56 5.34 10.02 11.84 8.24 9.92 5.00 6.05 6.39 6.80 6.75 7.25 5.01 7.17 7.33 8.33 11.98 9.32 6.37 5.37 5.22 6.31 5.50 4.68 6.65 9.51 6.01 4.69 6.47 5.60 11.97 9.68
6.74 5.84 6.08 5.79 6.23 6.91 6.46 8.83 5.20 7.34 8.06 9.14 4.57 6.92 8.09 7.49 6.90 11.34 6.82 10.10 8.21 7.03 5.72 4.40 11.16 7.70 6.81 5.03 5.38 7.31 8.72 8.05 10.88 8.99 6.58 5.26 5.58 5.06 4.64 6.18 5.19 7.84 7.40 7.20 8.44 5.90 5.93 5.95 6.86 9.16 11.85 6.78 7.02 7.45 7.83 7.86 6.09 4.46 4.63 6.40 7.40 11.39 14.85 6.71 6.35 6.43 8.40 6.00 5.87 6.19 9.80 6.86 4.72 6.03 7.28 6.82 10.06
5.98 4.64 4.98 6.60 7.18 8.48 8.64 9.18 6.58 6.52 10.55 4.90 5.42 4.62 5.09 5.34 6.29 11.92 9.70 7.53 7.35 7.72 6.44 4.83 9.10 10.92 5.66 5.07 5.37 7.70 8.60 12.09 8.80 8.71 6.94 6.06 5.08 6.80 5.74 5.07 5.01 6.47 5.45 5.58 5.75 4.77 5.47 6.75 10.14 11.65 9.55 13.08 10.34 9.77 11.37 8.33 6.06 5.94 4.76 6.01 6.15 7.93 11.11 7.47 7.36 8.94 8.34 6.80 7.09 7.83 9.50 5.87 4.95 6.13 5.63 9.75 11.31
4.47 6.82 6.92 7.35 6.80 7.08 8.32 9.57 10.90 8.33 8.20 5.62 7.33 6.58 4.44 5.65 5.65 6.10 12.86 8.09 7.44 5.82 4.28 6.70 10.75 6.13 6.73 5.25 6.63 7.14 14.73 5.40 6.52 5.61 5.73 4.68 5.81 8.05 6.08 6.70 6.29 5.38 4.40 4.68 5.76 5.57 5.84 9.70 9.33 6.22 7.59 6.75 7.04 6.51 8.29 9.22 8.74 5.80 4.53 4.66 6.19 7.71 13.51 8.03 8.52 7.35 6.08 5.59 5.83 11.96 8.19 5.81 5.20 8.05 6.36 5.91 18.70
7.32 6.27 7.41 9.77 5.99 7.42 5.17 5.18 7.44 11.86 8.45 5.78 8.77 8.78 4.51 6.11 6.37 7.28 9.99 7.02 5.65 4.28 5.45 6.55 10.49 12.70 6.67 6.00 7.01 11.61 9.89 6.42 6.70 7.49 7.38 5.39 8.00 7.33 6.63 8.22 6.00 7.02 4.83 6.42 8.18 9.24 9.27 8.24 6.16 4.79 6.48 6.77 4.88 4.59 6.70 8.14 10.05 10.76 5.16 5.92 4.78 6.76 9.64 10.61 7.97 8.04 7.18 4.99 6.56 9.91 6.25 4.87 6.01 5.40 8.33 6.72 12.03
7.76 6.26 7.26 9.81 9.02 5.21 5.34 5.89 8.08 7.27 14.35 7.82 5.94 7.01 6.22 5.68 6.73 9.58 9.92 5.63 4.66 4.69 5.59 10.50 12.21 10.96 11.32 12.84 12.04 10.04 7.72 8.61 7.82 5.90 4.71 6.48 5.46 9.03 10.00 6.15 9.47 6.79 4.48 6.11 5.32 6.03 5.29 7.87 5.24 4.38 6.56 7.41 8.12 8.13 8.85 8.62 8.08 10.16 9.41 10.72 7.99 8.26 10.09 11.09 10.65 7.59 5.66 4.90 11.51 9.30 6.45 5.89 7.00 6.55 6.56 11.10 13.27
7.93 8.05 8.41 8.41 9.14 5.34 7.09 6.32 7.05 5.54 11.70 7.27 7.78 8.11 8.40 4.96 5.73 7.76 6.31 6.05 5.10 5.61 10.28 13.89 6.08 4.38 8.07 8.21 6.64 5.62 6.62 5.28 4.40 4.44 7.37 6.69 5.64 9.89 6.72 8.28 5.76 4.88 4.14 5.99 4.92 4.62 5.17 6.65 4.54 6.30 7.58 5.75 5.76 8.34 7.78 7.67 8.29 9.39 8.41 8.33 12.58 15.11 12.31 7.56 9.93 8.82 5.71 7.12 10.46 7.52 5.59 6.45 4.53 5.67 7.22 13.99 8.12
9.78 8.55 6.80 9.00 7.69 5.68 8.25 5.59 6.66 4.88 6.94 11.16 5.61 8.75 5.71 6.00 6.60 7.32 6.58 5.12 5.11 6.09 13.14 5.67 5.66 5.98 5.05 6.73 5.74 6.04 4.93 4.71 7.29 5.48 8.64 5.61 6.09 10.05 8.73 9.89 6.86 5.69 5.03 6.74 6.76 5.16 6.62 5.30 4.65 5.20 5.57 6.70 7.49 7.30 6.71 6.46 9.12 8.57 8.38 7.57 7.54 8.26 11.20 10.38 12.83 11.11 7.93 9.47 10.24 7.32 7.57 6.15 5.00 6.00 6.11 11.89 11.44
9.26 8.69 11.47 9.88 9.02 11.44 8.56 5.25 6.78 5.54 6.02 12.40 11.27 11.29 7.54 4.46 6.33 8.58 4.64 6.98 6.18 10.40 13.43 8.08 9.19 8.51 7.19 5.78 4.98 4.80 4.83 6.33 7.56 6.32 7.91 5.35 8.33 10.75 6.70 6.44 6.34 4.82 4.27 6.16 8.56 5.84 8.72 5.28 4.20 4.66 4.64 5.02 6.23 7.10 6.96 8.48 7.56 8.07 7.32 6.83 7.87 7.97 8.87 9.42 10.12 10.94 9.57 11.59 7.66 6.85 5.46 6.90 6.33 6.26 7.05 13.40 10.52
6.53 11.96 6.51 9.62 9.67 6.11 6.17 4.84 6.41 7.21 9.11 9.77 5.64 11.72 11.58 6.77 7.06 11.08 5.62 8.11 13.52 12.36 8.00 7.79 6.16 5.20 5.31 4.97 6.30 5.18 5.76 5.79 7.68 8.87 10.48 7.76 11.90 6.14 9.14 6.36 5.84 5.80 4.65 5.60 7.88 8.99 6.54 5.71 4.50 5.80 7.04 4.71 5.33 6.66 6.25 7.58 6.68 7.55 5.44 5.85 7.71 8.77 9.76 9.52 9.37 11.65 9.88 7.30 5.33 7.17 8.18 8.11 6.34 5.72 6.00 17.69 9.05
9.86 11.81 9.57 8.55 4.64 7.78 5.37 6.06 6.06 9.93 6.54 6.42 6.29 8.60 5.69 10.78 11.42 5.17 7.23 13.88 10.30 7.54 5.23 5.66 5.46 5.19 5.14 5.86 8.10 6.78 4.95 5.21 5.68 8.87 7.57 10.52 6.31 8.03 5.55 5.33 8.87 5.96 5.41 6.35 6.72 11.18 7.56 4.57 5.22 5.60 8.03 6.43 4.07 6.05 7.93 6.60 5.30 7.87 4.75 7.19 8.61 8.87 8.20 8.95 8.77 9.34 13.86 7.58 5.99 8.76 8.08 6.62 4.98 6.62 6.58 11.76 8.61
11.27 9.74 7.23 8.00 6.06 7.99 6.05 6.73 5.20 10.29 4.82 5.07 5.00 6.02 7.92 11.18 12.29 5.80 13.04 7.67 4.75 4.88 6.26 4.89 6.45 7.11 8.48 8.92 8.56 5.85 4.39 6.92 8.34 8.86 6.82 9.62 9.52 5.15 4.89 8.63 5.54 11.66 5.01 6.27 9.14 5.87 9.07 4.66 6.39 5.21 8.34 7.27 4.93 4.37 6.38 4.72 6.22 6.02 7.81 9.04 8.99 7.80 8.05 8.18 8.62 8.74 10.82 8.59 8.23 9.45 7.42 5.13 6.04 6.51 6.99 7.96 9.07
11.88 12.41 4.93 9.49 8.31 8.41 6.83 7.02 7.17 5.42 7.09 7.60 7.01 5.39 4.63 7.03 12.68 12.73 13.79 7.70 6.26 7.88 6.22 7.02 10.62 9.45 9.44 5.85 6.97 4.74 5.53 4.86 5.33 6.52 8.96 6.05 5.02 9.94 10.20 8.22 5.41 5.66 5.35 6.33 9.86 5.58 9.81 5.37 7.18 4.94 9.45 6.43 6.27 4.67 4.75 5.29 5.69 7.55 6.12 7.59 7.79 4.92 7.46 9.81 8.54 8.54 11.71 9.29 8.60 8.35 7.76 6.09 6.74 6.80 7.58 10.02 8.77
6.05 10.51 6.13 11.03 8.77 5.15 9.70 6.13 9.82 9.59 9.71 10.55 6.94 6.52 5.56 5.75 5.98 13.24 15.72 7.11 5.85 9.77 9.89 10.69 7.60 7.34 6.11 4.89 5.13 4.73 7.66 5.65 7.49 5.06 10.02 6.65 9.89 7.92 4.99 4.50 4.19 6.02 6.97 8.71 9.97 4.38 7.80 10.62 6.49 5.49 10.51 7.70 6.67 5.55 4.35 4.78 6.61 7.32 8.46 7.28 6.17 7.86 9.08 6.11 7.96 8.80 10.02 13.19 9.64 9.07 8.07 7.94 8.64 7.18 9.43 10.37 7.48
6.29 8.87 11.73 7.06 5.84 5.75 10.59 6.08 6.25 6.36 6.06 8.73 11.07 6.69 8.13 7.80 7.35 5.14 6.94 14.41 10.15 10.65 9.80 7.01 8.62 7.37 5.14 4.95 6.88 4.97 5.75 7.56 7.23 5.84 5.84 10.52 9.10 5.18 6.20 6.36 5.68 6.91 7.04 9.31 6.36 4.65 5.17 7.10 10.09 7.64 10.15 4.77 5.45 5.83 4.99 4.50 5.18 5.32 5.68 5.08 6.48 7.07 7.97 8.09 8.32 8.46 9.33 11.36 10.58 10.36 8.68 8.02 7.81 6.87 9.24 9.79 7.35
8.16 13.45 8.26 5.40 6.47 7.12 9.15 6.05 4.76 5.86 4.93 6.34 8.61 12.61 13.32 13.34 7.33 4.98 5.95 15.02 9.14 7.48 5.14 5.85 5.62 6.28 4.40 7.28 7.01 5.22 6.22 8.50 10.95 7.44 4.89 4.68 7.73 7.93 7.67 4.93 5.54 9.35 9.83 11.03 6.04 4.30 6.25 5.60 11.39 9.67 4.91 5.35 7.16 7.01 5.02 5.72 4.67 5.44 4.28 5.72 7.51 7.95 7.96 7.75 7.76 7.99 9.47 -9999.00 11.52 11.48 9.01 7.75 8.08 11.25 9.33 7.91 7.32
12.70 7.95 7.28 5.42 4.72 6.95 6.53 4.66 5.20 5.42 5.36 8.20 11.28 5.87 6.69 5.22 15.40 8.20 5.72 14.72 10.28 7.41 6.83 4.81 4.84 5.25 4.33 8.13 6.33 6.41 5.63 6.07 5.86 8.92 10.21 5.35 5.84 10.46 6.53 5.87 4.37 4.90 6.35 10.33 5.37 4.63 5.54 6.84 11.58 4.63 5.29 6.88 8.18 5.31 5.99 6.70 5.54 6.57 4.80 6.48 6.01 6.03 6.28 7.84 9.41 10.18 9.72 -9999.00 12.43 9.88 8.47 7.76 10.16 11.03 7.54 8.59 7.44
7.65 8.05 6.10 7.19 7.13 5.98 4.44 5.75 8.04 8.59 9.19 10.31 10.03 6.29 4.97 4.79 7.00 12.49 7.44 15.33 8.24 6.93 6.27 5.24 6.73 5.83 4.85 8.86 8.14 5.13 4.44 5.47 7.20 8.69 7.30 10.07 9.12 10.90 5.86 4.72 6.34 5.78 11.72 9.00 6.35 5.33 6.70 8.32 11.06 5.17 6.58 7.97 8.19 5.57 6.86 6.25 7.70 6.15 5.99 4.34 6.16 7.45 9.17 9.67 9.36 7.86 9.13 -9999.00 -9999.00 9.00 7.44 8.06 9.71 7.96 7.94 7.37 7.50
7.79 5.82 9.31 5.59 5.23 5.36 6.12 6.70 8.14 6.81 5.64 7.43 5.81 4.93 4.68 5.88 6.73 12.04 10.93 15.05 6.18 5.79 4.43 6.89 10.98 10.15 11.44 9.73 6.14 6.41 4.50 5.81 6.37 4.73 4.86 6.91 10.24 11.63 6.63 5.18 7.44 11.41 7.53 5.28 4.83 4.65 5.34 6.66 11.87 8.98 7.59 9.34 8.29 7.42 6.89 8.57 5.40 6.64 7.00 6.58 4.87 6.81 8.38 7.12 5.97 7.13 8.05 -9999.00 -9999.00 9.07 7.37 9.51 13.81 8.37 8.04 6.31 6.16
8.15 6.37 6.13 5.27 4.53 6.82 6.22 4.76 6.16 5.38 5.69 8.48 7.51 6.88 6.32 6.52 7.89 11.38 17.18 6.58 4.60 4.21 5.78 10.83 5.55 5.40 6.05 7.15 8.26 5.44 4.33 5.71 5.87 8.14 7.54 6.27 10.29 11.23 4.92 5.75 11.65 7.77 5.44 5.04 5.11 4.65 5.08 6.07 7.12 11.65 11.25 9.17 6.82 8.86 8.45 6.56 6.99 7.73 7.96 6.90 6.05 5.62 6.54 5.67 5.35 6.53 7.97 -9999.00 -9999.00 9.82 11.14 12.99 9.34 7.16 7.12 6.74 4.90
6.81 9.47 8.01 7.11 5.65 6.59 9.32 4.58 5.38 6.66 7.76 6.97 4.75 6.74 8.73 8.73 8.84 11.86 15.72 5.48 4.43 5.23 8.63 10.45 6.15 4.30 6.74 5.72 5.06 7.46 5.06 8.33 6.14 6.47 8.02 8.97 13.21 6.09 4.66 12.91 6.23 5.31 4.57 5.80 6.76 5.38 4.85 4.53 5.96 6.88 11.60 11.72 7.69 9.33 7.03 7.89 7.42 8.43 9.16 6.80 5.55 4.44 4.85 5.65 7.26 7.97 8.26 -9999.00 -9999.00 -9999.00 11.45 10.56 6.81 6.47 5.39 6.28 6.92
6.47 6.40 5.15 4.98 7.65 6.07 7.46 7.49 6.23 6.90 6.44 6.26 6.48 8.10 6.27 6.39 7.89 15.87 12.05 6.22 6.30 6.55 12.24 11.11 4.77 6.88 11.79 7.20 4.81 4.72 5.45 8.14 8.18 9.33 8.03 8.80 14.46 5.87 5.19 11.58 6.21 4.88 8.38 8.38 6.21 5.70 5.74 5.16 6.13 6.47 9.42 11.70 10.71 8.32 6.17 7.43 9.11 8.85 9.45 7.22 5.38 6.84 5.75 4.91 5.44 7.22 8.84 -9999.00 -9999.00 -9999.00 10.21 8.99 7.67 6.83 6.64 5.86 9.03
5.08 4.77 5.64 6.84 6.25 6.86 7.78 9.46 5.81 6.42 5.76 7.00 9.64 8.83 9.80 8.64 8.29 14.14 15.09 12.07 12.09 12.32 10.51 10.16 9.98 9.83 9.85 6.37 6.94 7.31 6.09 5.63 5.98 5.00 4.73 7.65 12.31 9.71 5.11 11.73 5.80 9.92 6.42 5.28 4.44 6.27 6.58 4.83 6.10 6.73 8.51 11.38 11.27 9.48 7.23 9.81 9.59 9.82 9.04 6.70 4.69 7.17 7.70 6.54 7.11 11.55 9.56 -9999.00 -9999.00 -9999.00 10.15 8.95 8.22 6.63 7.07 8.31 9.37
9.80 8.18 7.56 6.57 4.85 6.55 8.44 7.77 6.08 6.00 6.50 6.01 7.99 9.91 10.40 10.91 9.26 14.73 15.59 10.58 6.69 5.79 8.18 7.05 6.24 5.81 8.23 9.82 6.73 6.48 5.88 4.49 4.47 4.29 6.08 6.58 7.79 12.71 8.09 11.71 8.36 5.12 7.05 5.47 5.42 7.60 9.05 5.03 7.00 8.03 9.59 12.21 9.98 9.83 9.65 11.53 10.51 9.08 6.28 5.19 7.44 7.92 7.85 6.26 5.40 9.55 11.48 11.89 -9999.00 13.47 13.17 10.23 9.47 8.44 10.26 7.65 8.81
