DTVGM_day/TopIndex/map.asc
ncols	203
nrows	150
xllcorner	946216.687500
yllcorner	4394712.000000
cellsize	100
NODATA_value	-9999.000000
[rows 0 to 26 of 77, columns 61 to 121 of 203]
6.8090 6.4622 5.0394 5.3157 5.6162-9999.0000-9999.0000-9999.0000-9999.0000-9999.0000-9999.0000-9999.0000-9999.0000 5.0250 4.7551 4.4564 5.7044 5.5906 5.9179 5.0685 6.0204 6.1501 6.1080 5.6383-9999.0000-9999.0000-9999.0000-9999.0000-9999.0000-9999.0000-9999.0000-9999.0000-9999.0000-9999.0000-9999.0000-9999.0000-9999.0000-9999.0000-9999.0000-9999.0000-9999.0000-9999.0000-9999.0000-9999.0000-9999.0000-9999.0000-9999.0000-9999.0000-9999.0000-9999.0000-9999.0000-9999.0000-9999.0000-9999.0000-9999.0000-9999.0000-9999.0000-9999.0000-9999.0000-9999.0000-9999.0000-9999.0000-9999.0000-9999.0000-9999.0000-9999.0000-9999.0000-9999.0000-9999.0000-9999.0000-9999.0000-9999.0000-9999.0000-9999.0000-9999.0000-9999.0000-9999.0000-9999.0000-9999.0000-9999.0000-9999.0000-9999.0000-9999.0000-9999.0000-9999.0000-9999.0000-9999.0000-9999.0000-9999.0000-9999.0000-9999.0000-9999.0000-9999.0000-9999.0000-9999.0000-9999.0000-9999.0000-9999.0000-9999.0000-9999.0000-9999.0000-9999.0000-9999.0000-9999.0000-9999.0000-9999.0000-9999.0000-9999.0000-9999.0000-9999.0000-9999.0000-9999.0000-9999.0000-9999.0000-9999.0000 -9999.0000-9999.0000-9999.0000-9999.0000-9999.0000-9999.0000-9999.0000-9999.0000-9999.0000-9999.0000-9999.0000-9999.0000-9999.0000-9999.0000-9999.0000-9999.0000-9999.0000-9999.0000-9999.0000-9999.0000-9999.0000-9999.0000-9999.0000-9999.0000-9999.0000-9999.0000-9999.0000-9999.0000-9999.0000-9999.0000-9999.0000-9999.0000-9999.0000-9999.0000-9999.0000-9999.0000-9999.0000-9999.0000-9999.0000-9999.0000-9999.0000-9999.0000-9999.0000-9999.0000-9999.0000-9999.0000-9999.0000-9999.0000-9999.0000-9999.0000-9999.0000-9999.0000-9999.0000-9999.0000-9999.0000-9999.0000-9999.0000-9999.0000-9999.0000-9999.0000-9999.0000-9999.0000-9999.0000-9999.0000-9999.0000-9999.0000-9999.0000 7.0344 6.6380 8.4303 8.1624 7.4636 7.1043 8.6680 6.3047 5.7248 5.1241 5.7933 7.3508 6.4710 4.2384 5.3453 6.1838 6.4324 6.4929 4.7394 4.8792 7.1666 7.9886 6.7145 4.3420 7.7134 6.3850 4.8242-9999.0000-9999.0000-9999.0000-9999.0000-9999.0000-9999.0000 5.0223 5.3176 5.6006 5.9372 7.0227 6.8669 6.4186 5.8201 6.8276 6.7474 6.1093 5.9965-9999.0000-9999.0000-9999.0000-9999.0000-9999.0000-9999.0000-9999.0000-9999.0000-9999.0000-9999.0000-9999.0000-9999.0000-9999.0000-9999.0000-9999.0000-9999.0000-9999.0000-9999.0000-9999.0000-9999.0000-9999.0000-9999.0000-9999.0000-9999.0000-9999.0000-9999.0000-9999.0000-9999.0000-9999.0000-9999.0000-9999.0000-9999.0000-9999.0000-9999.0000-9999.0000-9999.0000-9999.0000-9999.0000-9999.0000-9999.0000-9999.0000-9999.0000-9999.0000-9999.0000-9999.0000-9999.0000-9999.0000-9999.0000-9999.0000-9999.0000-9999.0000-9999.0000-9999.0000-9999.0000-9999.0000-9999.0000-9999.0000-9999.0000-9999.0000-9999.0000-9999.0000-9999.0000-9999.0000-9999.0000-9999.0000-9999.0000-9999.0000-9999.0000-9999.0000-9999.0000-9999.0000-9999.0000-9999.0000-9999.0000-9999.0000-9999.0000-9999.0000-9999.0000-9999.0000-9999.0000-9999.0000-9999.0000-9999.0000-9999.0000-9999.0000-9999.0000-9999.0000-9999.0000-9999.0000-9999.0000-9999.0000 -9999.0000-9999.0000-9999.0000-9999.0000-9999.0000-9999.0000-9999.0000-9999.0000-9999.0000-9999.0000-9999.0000-9999.0000-9999.0000-9999.0000-9999.0000-9999.0000-9999.0000-9999.0000-9999.0000-9999.0000-9999.0000-9999.0000-9999.0000-9999.0000-9999.0000-9999.0000-9999.0000-9999.0000-9999.0000-9999.0000-9999.0000-9999.0000-9999.0000-9999.0000-9999.0000-9999.0000-9999.0000-9999.0000-9999.0000-9999.0000-9999.0000-9999.0000-9999.0000-9999.0000-9999.0000-9999.0000-9999.0000-9999.0000-9999.0000-9999.0000-9999.0000-9999.0000-9999.0000-9999.0000-9999.0000-9999.0000-9999.0000-9999.0000-9999.0000-9999.0000-9999.0000-9999.0000-9999.0000-9999.0000-9999.0000-9999.0000-9999.0000 5.6482 5.6700 7.2640 9.5408
5.6576 8.1327 9.9769 6.8384 5.4384 8.1583 9.4579 7.8014 5.5401 4.6698 4.7394 5.4222 6.7631 8.1763 5.9215 9.9585 8.0826 9.8122 6.1426 4.8258 5.1800 6.0756 4.6231 5.7253 6.2090 6.7160 6.5084 8.5028 6.2952 4.2099 5.9506 7.0186 9.5860 9.9597 4.8732 5.0978 12.1276 7.5486 6.8348 5.5692-9999.0000-9999.0000-9999.0000-9999.0000-9999.0000-9999.0000-9999.0000-9999.0000-9999.0000-9999.0000-9999.0000-9999.0000-9999.0000-9999.0000-9999.0000-9999.0000-9999.0000-9999.0000-9999.0000-9999.0000-9999.0000-9999.0000-9999.0000-9999.0000-9999.0000-9999.0000-9999.0000-9999.0000-9999.0000-9999.0000-9999.0000-9999.0000-9999.0000-9999.0000-9999.0000-9999.0000-9999.0000-9999.0000-9999.0000-9999.0000-9999.0000-9999.0000-9999.0000-9999.0000-9999.0000-9999.0000-9999.0000-9999.0000-9999.0000-9999.0000-9999.0000-9999.0000-9999.0000-9999.0000-9999.0000-9999.0000-9999.0000-9999.0000-9999.0000-9999.0000-9999.0000-9999.0000-9999.0000-9999.0000-9999.0000-9999.0000-9999.0000-9999.0000-9999.0000-9999.0000-9999.0000-9999.0000-9999.0000-9999.0000-9999.0000-9999.0000-9999.0000-9999.0000-9999.0000-9999.0000-9999.0000-9999.0000-9999.0000-9999.0000-9999.0000-9999.0000-9999.0000-9999.0000-9999.0000-9999.0000-9999.0000-9999.0000 -9999.0000-9999.0000-9999.0000-9999.0000-9999.0000-9999.0000-9999.0000-9999.0000-9999.0000-9999.0000-9999.0000-9999.0000-9999.0000-9999.0000-9999.0000-9999.0000-9999.0000-9999.0000-9999.0000-9999.0000-9999.0000-9999.0000-9999.0000-9999.0000-9999.0000-9999.0000-9999.0000-9999.0000-9999.0000-9999.0000-9999.0000-9999.0000-9999.0000-9999.0000-9999.0000-9999.0000-9999.0000-9999.0000-9999.0000-9999.0000-9999.0000-9999.0000-9999.0000-9999.0000-9999.0000-9999.0000-9999.0000-9999.0000-9999.0000-9999.0000-9999.0000-9999.0000-9999.0000-9999.0000-9999.0000-9999.0000 4.9405 4.7698 4.6241 4.6214 6.0410 6.9908 5.9084 4.8126 4.2765 5.0708 6.3684 5.8311 6.3580 4.8796 4.9976 5.7641 6.2607 10.8401 9.4600 4.3111
6.0889 4.9643 4.1029 4.9826 4.3219 6.8680 8.0784 6.1576 5.2146 3.8777 5.2787 6.2358 8.0005 8.2316 7.8060 8.1751 7.1025 11.4529 12.1941 11.0786 6.6855 9.6637 6.3002 6.0524 5.9444 4.5864-9999.0000-9999.0000-9999.0000-9999.0000-9999.0000-9999.0000-9999.0000-9999.0000-9999.0000-9999.0000-9999.0000-9999.0000-9999.0000-9999.0000-9999.0000-9999.0000-9999.0000-9999.0000-9999.0000-9999.0000-9999.0000-9999.0000-9999.0000-9999.0000-9999.0000-9999.0000-9999.0000-9999.0000-9999.0000-9999.0000-9999.0000-9999.0000-9999.0000-9999.0000-9999.0000-9999.0000-9999.0000-9999.0000-9999.0000-9999.0000-9999.0000-9999.0000-9999.0000-9999.0000-9999.0000-9999.0000-9999.0000-9999.0000-9999.0000-9999.0000-9999.0000-9999.0000-9999.0000-9999.0000-9999.0000-9999.0000-9999.0000-9999.0000-9999.0000-9999.0000-9999.0000-9999.0000-9999.0000-9999.0000-9999.0000-9999.0000-9999.0000-9999.0000-9999.0000-9999.0000-9999.0000-9999.0000-9999.0000-9999.0000-9999.0000-9999.0000-9999.0000-9999.0000-9999.0000-9999.0000-9999.0000-9999.0000-9999.0000-9999.0000-9999.0000-9999.0000-9999.0000-9999.0000-9999.0000-9999.0000-9999.0000-9999.0000-9999.0000 -9999.0000-9999.0000-9999.0000-9999.0000-9999.0000-9999.0000-9999.0000-9999.0000-9999.0000-9999.0000-9999.0000-9999.0000-9999.0000-9999.0000-9999.0000-9999.0000-9999.0000-9999.0000-9999.0000-9999.0000-9999.0000-9999.0000-9999.0000-9999.0000-9999.0000 5.6567 5.5774 6.8916 5.4827 6.9861 5.2647 5.3114 5.6541 5.8099 7.2589 9.7028 6.8364 4.6409-9999.0000 5.1312 4.8466 5.3858-9999.0000-9999.0000-9999.0000-9999.0000-9999.0000-9999.0000-9999.0000-9999.0000-9999.0000 4.7991 5.8560 5.4223 5.7638 6.2312 8.2301 5.3543 7.1919 8.6875 9.1547 7.7622 5.4315 5.8095 3.8584 6.4435 6.7746 5.6477 6.1690
5.7692 4.5148 6.5690 8.6583 4.5075 5.9625 9.4121 5.9565 6.2081 6.3122 7.8839 6.2398 6.2828 4.8420 4.4125 5.0592 5.8835 4.7792 5.7963 5.7497 5.3156 5.7484 6.8146 8.1207 8.9696 9.5788 10.1194 8.6087 5.6132 9.4188 4.7057 7.3873 6.4736 5.2853 5.2708 6.4075 7.4586 5.0250 6.1959 7.2401 6.6207 8.4252 8.9100 6.0136 6.3475 6.0568 5.4052 6.2834 11.0078 4.7412 5.0368 4.8620 4.9131 11.7434 6.6444 4.5012 7.6334 4.6393 6.5757 9.8437 9.0668
6.0835 4.9111 6.2997 7.4679 5.2261 6.5217 5.2341 5.9767 6.8053 6.7317 6.2845 9.9250 9.1745 7.7547 6.7667 7.2343 6.0081 6.5569 6.3482 8.3474 6.6671 4.8173 6.5104 8.0853 10.4040 8.4027 8.0684 7.3860 7.2793 4.2359 5.1177 5.7808 11.1603 4.8105 6.4536 4.5490 11.6930 5.3621 4.5392 9.1498 7.3257 8.9454 4.7526 5.2101 5.6547 5.4977 7.1944 8.6314 4.7489 5.2096 13.2062 5.9688 4.3718 5.9453 8.8224 7.2404 5.9546 5.0159 5.0665 6.0610-9999.0000-9999.0000-9999.0000-9999.0000-9999.0000-9999.0000-9999.0000-9999.0000-9999.0000-9999.0000-9999.0000-9999.0000-9999.0000-9999.0000-9999.0000-9999.0000-9999.0000-9999.0000-9999.0000-9999.0000-9999.0000-9999.0000-9999.0000-9999.0000-9999.0000-9999.0000-9999.0000-9999.0000-9999.0000-9999.0000-9999.0000-9999.0000-9999.0000-9999.0000-9999.0000-9999.0000-9999.0000-9999.0000-9999.0000-9999.0000-9999.0000-9999.0000-9999.0000-9999.0000-9999.0000-9999.0000-9999.0000-9999.0000-9999.0000-9999.0000-9999.0000-9999.0000-9999.0000-9999.0000-9999.0000-9999.0000-9999.0000-9999.0000-9999.0000-9999.0000-9999.0000-9999.0000-9999.0000-9999.0000-9999.0000-9999.0000-9999.0000-9999.0000-9999.0000-9999.0000-9999.0000-9999.0000-9999.0000-9999.0000-9999.0000-9999.0000-9999.0000-9999.0000-9999.0000-9999.0000-9999.0000-9999.0000-9999.0000-9999.0000-9999.0000-9999.0000-9999.0000-9999.0000-9999.0000-9999.0000-9999.0000-9999.0000-9999.0000-9999.0000-9999.0000-9999.0000 -9999.0000-9999.0000-9999.0000-9999.0000-9999.0000-9999.0000-9999.0000-9999.0000
4.8761 6.6826 7.8579 5.9792 4.6857 5.8890 8.6275 7.3120 6.8075 4.2697 5.5112 6.3201 5.8523 6.2384 11.5737 9.3481 8.1711 5.3323 7.7232 7.5792 4.9500 7.8558 9.6950 6.6316 5.0307 4.6748 6.4223 8.4008 12.6062 8.3610 7.4355 5.7720 5.4732 5.0283 11.5601 8.2871 12.0761 11.9586 6.6482 4.9773 7.0100 8.1992 8.5572 8.1131 7.0043 7.0467 6.3498 8.7057 7.3292 5.7503 5.2872 4.8120 11.4930 12.6285 5.6170 5.4915 4.6448 5.0905 4.5905 8.1464 6.3010
11.0304 4.9252 9.4772 9.7090 9.0733 6.8092 5.8307 4.5898 6.8471 7.8520 6.8798 6.0593 8.1897 7.9063 6.1806 5.3756 8.0179 9.1369 6.8329 5.5445 5.8569 4.6436 5.3747 6.5559 7.2429 7.8054 11.8190 6.7643 9.5914 5.3453 4.3749 4.9470 5.5633 7.1715 11.0824 6.0148 4.4709 4.7172 4.7953 4.5710 6.4080 11.4356 9.3066 5.0398 5.5436 15.9261 5.8602 4.1798 7.4804 10.2241 11.4272 11.1531 11.9474 12.5789 14.0968 12.9358 13.1996 9.6235 10.9636 11.5871 13.0209
11.2604 5.9881 10.6066 9.5987 6.0422 5.5458 4.9325 5.3282 5.1613 10.2768 10.4293 9.5981 6.0065 4.2559 5.8461 6.9124 7.0837 6.2621 4.6511 5.6057 5.4630 6.6756 9.4736 6.1040 8.2221 8.3091 8.7862 7.2669 6.0859 9.5479 8.2058 5.2523 5.8572 7.0256 7.3922 5.4566 5.7003 6.0477 12.0587 7.2503 5.5012 4.7432 6.4120 7.7205 4.9495 9.6167 9.1093 4.7030 5.6626 6.8686 8.6024 6.4433 6.0148 7.1809 14.0376 5.4812 7.3537 7.6597 6.3469 5.3961 6.2187
6.0124 4.7813 5.8205 9.7759 11.5851 5.7608 8.8988 6.8604 6.3889 5.8139 4.8974 4.7573 4.8496 7.6532 12.4242 5.3974 4.9801 5.2283 6.9275 6.6950 9.1282 11.3743 11.5311 10.0537 9.6292 8.6452 6.6711 5.5005 4.2499 6.2188 4.9706 5.0907 6.7684 7.9841 8.8410 9.8345 11.0238 7.8417 6.3467 9.9993 9.8683 7.9176 8.7239 6.8407 4.8079 5.0349 6.1586 8.5352 8.2165 6.6406 12.0326 5.3408 7.6827 6.3954 4.8414 5.9785 7.3243 7.1097 11.6288 4.8062 5.7962
6.0356 5.3991-9999.0000-9999.0000-9999.0000-9999.0000-9999.0000-9999.0000-9999.0000-9999.0000-9999.0000-9999.0000-9999.0000-9999.0000-9999.0000-9999.0000-9999.0000-9999.0000-9999.0000-9999.0000-9999.0000-9999.0000-9999.0000-9999.0000-9999.0000-9999.0000-9999.0000-9999.0000-9999.0000-9999.0000-9999.0000-9999.0000-9999.0000-9999.0000-9999.0000-9999.0000-9999.0000-9999.0000-9999.0000-9999.0000-9999.0000-9999.0000-9999.0000-9999.0000-9999.0000-9999.0000-9999.0000-9999.0000-9999.0000-9999.0000-9999.0000-9999.0000-9999.0000-9999.0000-9999.0000-9999.0000-9999.0000-9999.0000-9999.0000-9999.0000-9999.0000-9999.0000-9999.0000-9999.0000-9999.0000-9999.0000-9999.0000-9999.0000-9999.0000-9999.0000-9999.0000-9999.0000-9999.0000-9999.0000-9999.0000-9999.0000-9999.0000-9999.0000-9999.0000-9999.0000-9999.0000-9999.0000-9999.0000-9999.0000-9999.0000-9999.0000-9999.0000-9999.0000-9999.0000-9999.0000-9999.0000-9999.0000-9999.0000-9999.0000-9999.0000-9999.0000 6.8123 6.5570 5.6274 5.5810 6.7983 10.7129 8.7612 4.6828 11.1577 6.8041 6.2824 7.2043 8.0084 5.9891 6.4675 5.0190 6.1496 6.2799 5.9947 11.6384 8.0539 6.3304 4.9457 6.0229 6.3044 5.4685 7.8735 7.7554 6.2143 6.3394 5.8189 9.7290 13.0240 6.1299 5.0975 4.5590 5.0132 5.1304 4.4281 5.8970 8.2542 4.9304 8.0830 7.6946 5.2049 4.0077 4.8517 5.6972 6.6516 10.7983 8.3771 4.9286 8.6783 11.2928 7.3632 5.1522 4.6951 6.9338 7.6235
5.2595 5.1408 5.5232 7.2562 6.7591 4.9237 5.8813 6.4398 8.1180 5.7537 4.7237 4.7646 6.5102 10.1849 8.0721 6.5307 7.2730 7.4181 5.6963 5.0414-9999.0000-9999.0000-9999.0000-9999.0000-9999.0000-9999.0000-9999.0000-9999.0000-9999.0000-9999.0000-9999.0000-9999.0000-9999.0000-9999.0000-9999.0000-9999.0000-9999.0000-9999.0000-9999.0000-9999.0000-9999.0000-9999.0000-9999.0000-9999.0000 4.4444 5.2559 4.4341 4.8503-9999.0000-9999.0000-9999.0000-9999.0000-9999.0000-9999.0000-9999.0000-9999.0000-9999.0000 5.5354-9999.0000-9999.0000-9999.0000-9999.0000-9999.0000-9999.0000-9999.0000-9999.0000-9999.0000-9999.0000-9999.0000-9999.0000-9999.0000-9999.0000-9999.0000-9999.0000-9999.0000-9999.0000-9999.0000-9999.0000-9999.0000-9999.0000-9999.0000-9999.0000-9999.0000-9999.0000-9999.0000-9999.0000-9999.0000-9999.0000-9999.0000-9999.0000-9999.0000-9999.0000-9999.0000-9999.0000-9999.0000-9999.0000-9999.0000-9999.0000-9999.0000-9999.0000-9999.0000-9999.0000-9999.0000-9999.0000-9999.0000-9999.0000-9999.0000-9999.0000-9999.0000-9999.0000-9999.0000-9999.0000 -9999.0000 5.6379 6.5844 6.2004 7.3327 9.0080 8.5913 6.5095 8.4621 12.9389 10.9757 12.3008 9.8456 8.2019 8.7024 7.1119 4.6767 6.2843 6.6896 6.4613 13.2761 6.3062 6.0063 4.3977 5.9280 4.8965 4.2887 7.1057 11.1148 8.9795 12.2462 7.0309 5.0760 5.7815 5.5928 5.0608
11.0201 9.7015 6.0365 5.3746 3.9879 5.4084 6.9859 6.9949 7.5415 6.8213 11.9851 5.8973 7.9711 4.9141 5.3457 5.5527 7.4814 8.2209 6.3836 6.8420 6.8112 9.9100 13.3214 7.8069 4.9019 4.6487 6.1275 7.8547 10.9785 17.4756 8.6140 7.7919 6.9882 6.1728 4.4658 5.1383 5.5436 4.8712 5.4786 6.1320 5.2574 5.4844 9.4034 5.1637 7.8954 8.4669 6.3722 6.3788 4.5468 7.5597 10.4851 6.2544 6.1241 4.5350 5.2685 7.1530 6.4744 5.0878-9999.0000-9999.0000-9999.0000-9999.0000 4.4905 5.3562 4.8568
5.6301 4.7411-9999.0000-9999.0000-9999.0000-9999.0000-9999.0000-9999.0000-9999.0000 5.3575 6.3104 6.4374 7.8161 5.6440 8.0727 5.8414 4.7519 5.7184 7.3725 5.5592 5.1988 4.7946 5.7250 5.8708 5.2460 5.2926 6.8897 5.4876 6.0758-9999.0000-9999.0000-9999.0000-9999.0000-9999.0000-9999.0000-9999.0000-9999.0000-9999.0000-9999.0000-9999.0000-9999.0000-9999.0000-9999.0000-9999.0000-9999.0000-9999.0000-9999.0000-9999.0000-9999.0000-9999.0000-9999.0000-9999.0000-9999.0000-9999.0000-9999.0000-9999.0000-9999.0000-9999.0000-9999.0000-9999.0000-9999.0000-9999.0000-9999.0000-9999.0000-9999.0000-9999.0000-9999.0000-9999.0000-9999.0000-9999.0000-9999.0000-9999.0000-9999.0000-9999.0000-9999.0000-9999.0000-9999.0000-9999.0000-9999.0000-9999.0000-9999.0000 -9999.0000 6.7906 6.7121 6.5079 6.1252 6.2689 4.9911 5.7247 6.8055 6.4743 4.9192 5.9739 5.1056 4.6252 5.3622 6.5249 13.3881 5.6452 13.0305 12.2624 13.0346 10.3320 5.3295 5.4084 5.1764 5.7489 5.0920 5.6211 10.2525 12.8151 7.1831 5.4137 5.0293 5.2228 5.8202 9.5162 7.7563 6.1422 6.1321
4.9933 6.2294 8.9567 7.8972 8.1080 7.1650 4.6956 5.4157 9.7800 8.0892 8.7248 7.2105 6.6810 5.4770 5.3861 4.6380 5.9389 6.1994 6.0252 5.9782 4.8145 6.6759 12.0506 6.7084 5.1967 5.3880 5.5672 5.2708 6.0463 4.4727 5.4103 7.0144 15.6404 4.8553 5.7954 6.0687 6.9744 6.6114 6.6155 9.7008 6.2703 5.9292 4.7646 4.3083 4.8906 5.6946 5.4807 13.9753 9.8984 9.2115 6.9508 6.4804 5.8539 4.9976 4.4373 7.7163 6.7636 5.3210 4.9175 4.9032 6.5278
7.1370 12.3329 5.9698 5.5296 7.9518 8.1513 7.9127 6.9242 5.1439 5.2658 8.2856 7.7242 6.5007 5.0186 5.2371 6.4805 6.3892 7.8636 7.8333 9.9236 12.2957 10.1468 4.7664 5.9257 5.4026 10.5480 10.2403 10.1312 6.6005 5.2058 5.2911 4.4192 4.4279 5.7603 5.6337 7.4913 4.0048 5.0941 6.6199 6.2656 7.1500 10.2607 6.2500 4.9307 9.2226 8.6137 7.0508 5.5176 5.4046 5.3801 6.2838 8.3975 5.4545 4.0617 4.7929 5.3366 4.9777 5.0697 7.7395 9.8174 6.6232
5.3858 4.4861 4.8088 5.6377 6.7001 6.8439 7.2021 5.0250 4.9076 5.7478 6.4932 7.2427 4.8467 5.0309 10.1174 9.1405 5.4412 5.7322 6.3731 6.5492 6.5502 4.9599 6.9948 7.7542 6.4105 8.4261 7.2451 7.6302 6.2010 5.4165 5.7975 6.3171 5.8623 6.2283 6.1932 5.6444 5.8991-9999.0000-9999.0000-9999.0000-9999.0000-9999.0000-9999.0000-9999.0000-9999.0000-9999.0000-9999.0000-9999.0000-9999.0000-9999.0000-9999.0000-9999.0000-9999.0000-9999.0000-9999.0000-9999.0000-9999.0000-9999.0000-9999.0000-9999.0000-9999.0000-9999.0000-9999.0000-9999.0000-9999.0000-9999.0000-9999.0000-9999.0000-9999.0000-9999.0000-9999.0000-9999.0000-9999.0000-9999.0000-9999.0000-9999.0000-9999.0000-9999.0000-9999.0000-9999.0000-9999.0000 6.5207 6.8565 8.7693 5.6987 10.2481 10.2341 9.5510 8.5928 6.0016 6.3149 4.8508 11.6485 10.0350 6.0496 9.1825 4.4858 5.8739 4.8681 7.0098 6.0757 6.5466 5.2348 9.0037 14.7341
7.3464 5.4768 5.6739 9.5855 7.3358 6.3788 7.5206 7.5034 6.1619 6.4065 8.2930 14.2989 12.8670 4.7647 9.5045 10.5321 4.9036 13.6958 13.6079 17.7619 12.0356 8.9305 11.3717 9.2897 7.8414 6.6228 6.6216 6.0592 8.3576 5.9280 5.3788 4.0870 4.4736 4.4687 4.8769 6.2786 12.0770 6.1042 6.2667 6.4134 5.0463 4.2596 5.1414 6.2084 5.9634 4.7819 6.2353 13.2219 9.6882 7.8626 5.6279 6.3955 7.4186 5.6891 5.2923 5.2366 6.1655 9.0786 11.3876 10.4298 13.3749
6.3593 7.0732 5.3327 5.3094 11.7557 10.6750 6.7359 7.5227 8.2468 7.7741 6.4794 5.3699 6.8457 8.9139 12.4968 11.0230 10.4688 9.7482 12.7782 9.8373 5.3909 4.5892 4.8303 5.6809 5.3596 5.3540 13.6137 7.0129 5.7218 5.8353 6.7201 5.3692 5.8465 8.8548 9.0065 6.0258 5.4635 5.7351 6.4772 7.8152 5.6522 6.6687 5.6646 6.0308 6.4465 5.0344 10.3623 8.1300 9.1691 9.3402 8.8666 8.5578 6.7231 6.6757 5.3730 4.8880 6.0625 8.8706 4.8403 6.0558 9.4454
5.3293 6.8521 6.7456 6.9571 7.2373 4.8363 5.2759 6.8467 6.2827 5.1806 4.0639 6.2929 5.5129 7.7846 6.9649 7.4758 7.4335 9.0352 5.0326 4.7741 5.3674 4.5187 5.0572 6.7013 7.3174 8.6982 4.6509 6.1331 9.2258 9.9751 12.9565 9.8648 7.2992 6.5348 5.7915 3.9172 4.7820 6.4970 7.9384 6.7292 5.7659 6.8225 7.6078 11.9163 8.6928 4.8632 4.2770 5.5789 7.8067 8.2821 9.8598 9.0948 8.4164 5.6023 4.6720 6.9386 8.3981 6.0277 4.7909 4.9967 7.9291
7.0665 13.1667 6.9750 5.1985 5.5723 6.3252 8.1854 10.5682 10.4943 7.3669 5.4666 5.4630 4.5939 6.6084 9.0568 7.2170 4.9403 5.6676 7.8333 10.1033 9.8284 8.8272 7.9948 7.3248 5.9729 5.0882-9999.0000-9999.0000-9999.0000-9999.0000-9999.0000-9999.0000-9999.0000-9999.0000-9999.0000-9999.0000-9999.0000-9999.0000-9999.0000-9999.0000-9999.0000-9999.0000-9999.0000-9999.0000-9999.0000-9999.0000-9999.0000-9999.0000-9999.0000-9999.0000-9999.0000-9999.0000-9999.0000-9999.0000-9999.0000-9999.0000-9999.0000-9999.0000-9999.0000-9999.0000-9999.0000-9999.0000-9999.0000-9999.0000-9999.0000-9999.0000-9999.0000 6.9869 7.6481 5.7401 5.9172 6.9309 5.4597 6.1624 5.3775 6.0028 4.9042 5.8071 6.7428 8.3314 9.1066 8.1424 10.0438 11.5100 7.5252 4.8401 5.6569 7.4014 7.0020 5.3066 6.3900 9.8359 4.8817 4.9544 6.6743 7.3768 11.0323 6.7084 6.2208 6.2071 6.1383 7.9037
8.2679 7.4855 6.4116 6.2815 5.2569 4.9158 9.0288 10.1795 4.8323 6.2546 6.8781 6.7475 9.9126 6.0352 4.9313 5.3915 5.4956 4.8686 10.0060 4.9130 5.9418 7.2267 4.8601 5.4680 6.9832 6.3540 11.6167 6.9626 5.8108 5.5633 4.2938 5.4128 7.1537 7.9848 8.5201 9.3157 9.7865 10.3566 11.1803 11.4490 13.2721 5.2195 4.4598 9.7881 4.9621 6.5700 5.9095 7.6086 8.9781 7.8857 9.5351 11.3597 16.9748 11.1599 13.2722 7.8860 5.8189 5.7518 5.4972 9.5065 8.0506
9.0736 8.4335 8.4593 8.9980 8.5654 8.4285 9.2670 13.4693 12.1087 16.3941 10.1723 6.4701 6.1650 8.6897 6.6802 10.0280 6.6431 6.3927 5.4160 7.9181 5.7424 7.2846 5.1316 5.6724 5.2140 5.5736 6.1460 5.8433 5.8715 6.7098 6.9933 7.7359 8.2256 10.0943 6.2692 4.8752 5.5224 5.8621 7.7150 5.8428 6.8292 6.1114 9.8107 9.3407 7.3247 5.0080 5.3722 10.4880 8.1133 7.2357 7.7562 6.3160 5.4804 5.0070 7.4741 8.9436 9.0119 8.2978 9.9363 9.0354 5.8444
5.3108 9.1513 5.8592 9.3555 8.2538 5.7169 5.1096 5.7649 5.1890 4.9681 5.0295 5.7819 8.3808 9.0326 10.4350 10.7191 11.1392 11.7347 11.3651 5.0245 11.2231 6.2268 5.2344 6.0563 5.1647 6.1490 6.1247 5.3142 6.5227 6.1046 6.9697 8.8868 11.5319 11.6660 7.5021 7.1349 7.5904 6.0545 4.9979 4.1092 6.6434 8.5376 6.3321 4.4501 5.3712 9.6821 8.8462 7.7843 6.0914 11.5950 5.0332 6.3269 7.9671 6.0803 5.4109 8.9565 5.7141 4.8466 6.4385-9999.0000-9999.0000-9999.0000-9999.0000-9999.0000-9999.0000-9999.0000-9999.0000-9999.0000-9999.0000-9999.0000-9999.0000-9999.0000-9999.0000-9999.0000-9999.0000-9999.0000-9999.0000-9999.0000-9999.0000-9999.0000-9999.0000-9999.0000-9999.0000-9999.0000-9999.0000-9999.0000-9999.0000-9999.0000-9999.0000-9999.0000-9999.0000-9999.0000-9999.0000-9999.0000-9999.0000-9999.0000-9999.0000 -9999.0000-9999.0000-9999.0000-9999.0000-9999.0000-9999.0000-9999.0000-9999.0000 6.2772
5.6020 11.9722 9.6810 10.2011 9.0935 6.3216 11.5794 9.6264 8.6691 9.3563 6.2820 4.9624 6.2569 7.4044 5.8569-9999.0000-9999.0000-9999.0000-9999.0000-9999.0000-9999.0000-9999.0000-9999.0000-9999.0000-9999.0000-9999.0000-9999.0000-9999.0000-9999.0000-9999.0000-9999.0000-9999.0000-9999.0000-9999.0000-9999.0000-9999.0000-9999.0000-9999.0000-9999.0000-9999.0000-9999.0000-9999.0000-9999.0000-9999.0000-9999.0000-9999.0000-9999.0000-9999.0000-9999.0000-9999.0000-9999.0000-9999.0000 -9999.0000-9999.0000-9999.0000-9999.0000-9999.0000-9999.0000-9999.0000-9999.0000-9999.0000 6.1442 7.0082 5.3890 9.1218 6.4737 4.9049 9.6614 5.2633 4.4609 6.1583 7.4666 8.8070 6.7212 4.2965 4.3594 6.4382 8.5429 9.7368 6.7614 5.9102 5.1370 4.0916 5.1470 4.5782 4.8435 6.6129 4.8202 5.1255 6.4043 7.6882 9.1734 5.3006 12.5430 5.7143 4.9068 5.7869 6.9224 6.6421 5.2762 4.9927 6.4560 6.7698 7.3884 8.1881 6.2526
10.5835 11.8125 6.4675 5.1024 4.9996 8.0650 7.1224 6.4470 5.6026 5.3095 5.0843 5.8998 7.5839 9.3189 8.4725 5.2452 6.2237 10.5967 12.4363 10.3627 10.2612 9.2525 9.3332 10.6378 5.6283 5.2546 6.2406 8.0696 6.3469 5.9148 7.7288 7.7167 7.7550 5.2213 6.3164 9.7587 7.2687 5.7725 5.9844 4.6391 4.9792 6.5985 7.1811 8.4801 8.6367 9.1797 6.5777 6.5213 10.5525 4.9050 5.4164 4.6178 5.0926 5.3400 6.2927 11.9228 9.6960 7.5276 7.3479 7.7204 6.4421
10.8994 8.3260 8.2019 5.6150 7.3305 6.5841 4.4391 5.6531 5.6493 6.1019 12.8647 8.0946 7.4388 5.8207 4.2758 6.7020 10.7460 6.1273 6.7305 5.2469 6.6305 7.1415 14.7340 5.3969 6.5156 5.6062 5.7264 4.6766 5.8124 8.0549 6.0771 6.6964 6.2855 5.3792 4.3987 4.6767 5.7587 5.5749 5.8418 9.7047 9.3311 6.2208 7.5859 6.7502 7.0359 6.5119 8.2874 9.2247 8.7416 5.7980 4.5309 4.6598 6.1876 7.7065 13.5144 8.0283 8.5167 7.3519 6.0777 5.5914 5.8278
6.7009 8.1426 10.0455 10.7595 5.1569 5.9234 4.7754 6.7629 9.6366 10.6081 7.9702 8.0447 7.1823 4.9904 6.5575 9.9060 6.2539 4.8712 6.0140 5.3981 8.3273 6.7200 12.0343 6.7384 7.0386 7.2138 5.0859 6.5282 7.7790 7.6312 7.1794 5.4541 7.7605 8.8037 6.2673 5.7580 6.2383-9999.0000-9999.0000-9999.0000-9999.0000-9999.0000-9999.0000-9999.0000-9999.0000-9999.0000-9999.0000-9999.0000-9999.0000-9999.0000-9999.0000-9999.0000-9999.0000-9999.0000-9999.0000-9999.0000-9999.0000-9999.0000-9999.0000-9999.0000-9999.0000-9999.0000-9999.0000-9999.0000-9999.0000-9999.0000-9999.0000-9999.0000-9999.0000-9999.0000-9999.0000-9999.0000 -9999.0000-9999.0000-9999.0000-9999.0000-9999.0000-9999.0000-9999.0000-9999.0000-9999.0000-9999.0000-9999.0000-9999.0000 5.7960 7.3552 5.8352 7.3715 5.4739 4.8785 5.9779 5.3026 6.4599 6.3166 5.7568 5.9396 6.2511 6.9814 5.9419 5.9752 5.8116 6.4834 5.6802 6.6930 6.9089 4.7297 5.0259
