DTVGM_day/TopIndex/map.txt
ncols	203
nrows	150
xllcorner	946216.687500
yllcorner	4394712.000000
cellsize	100
NODATA_value	-9999.000000
[rows 34 to 67 of 150, columns 0 to 76 of 203]
5.61 7.02 7.98 8.08 6.50 7.37 11.71 10.44 14.17 11.20 13.43 7.81 5.55 5.09 6.67 9.67 4.32 8.29 6.61 8.17 8.43 8.14 13.33 10.33 5.28 6.96 6.65 9.53 10.96 6.51 5.72 7.78 11.97 5.29 5.11 5.60 5.51 5.04 5.40 7.66 7.13 10.38 11.00 7.04 5.90 6.89 6.66 4.72 4.65 5.82 6.01 6.56 8.15 7.93 11.81 10.16 6.22 6.03 6.36 5.83 7.37 8.46 8.64 7.42 12.49 10.79 6.61 6.47 6.16 7.07 7.37 9.26 7.53 5.69 4.71 5.78 5.37
6.52 6.86 8.77 5.70 10.25 10.23 9.55 8.59 6.00 6.31 4.85 11.65 10.04 6.05 9.18 4.49 5.87 4.87 7.01 6.08 6.55 5.23 9.00 14.73 5.86 5.90 6.85 9.93 10.85 4.95 9.81 9.37 5.06 5.96 5.91 6.55 6.37 5.59 5.06 5.92 5.91 6.29 10.25 10.68 7.74 6.96 5.38 4.91 5.98 5.80 5.13 5.08 6.49 7.68 12.87 10.23 5.56 6.70 5.95 6.53 4.95 5.73 7.34 8.40 10.65 12.56 11.26 11.56 6.96 7.44 8.78 13.43 5.57 5.62 4.55 4.68 5.61
5.29 10.35 8.06 10.31 6.31 7.92 8.65 7.35 5.48 5.67 9.59 7.34 6.38 7.52 7.50 6.16 6.41 8.29 14.30 12.87 4.76 9.50 10.53 4.90 13.70 13.61 17.76 12.04 8.93 11.37 9.29 7.84 6.62 6.62 6.06 8.36 5.93 5.38 4.09 4.47 4.47 4.88 6.28 12.08 6.10 6.27 6.41 5.05 4.26 5.14 6.21 5.96 4.78 6.24 13.22 9.69 7.86 5.63 6.40 7.42 5.69 5.29 5.24 6.17 9.08 11.39 10.43 13.37 11.68 10.78 10.02 6.09 5.00 4.62 4.38 5.03 5.98
7.12 6.64 5.27 8.90 6.62 7.94 8.25 6.43 5.89 8.50 8.44 4.42 5.45 5.76 5.90 7.15 6.97 12.25 4.88 7.30 11.87 12.15 11.21 13.19 6.76 9.25 8.09 5.26 5.70 7.68 9.16 8.20 7.15 6.71 8.51 6.45 5.48 4.05 5.43 4.33 4.32 4.91 6.45 11.03 6.27 6.42 5.49 5.04 4.94 4.59 5.03 6.36 7.07 5.33 5.31 11.76 10.67 6.74 7.52 8.25 7.77 6.48 5.37 6.85 8.91 12.50 11.02 10.47 9.75 12.78 9.84 5.39 4.59 4.83 5.68 5.36 5.35
6.24 6.21 9.38 6.72 7.40 7.58 8.14 5.69 7.59 8.51 6.11 5.48 6.40 6.88 7.91 7.98 8.92 12.27 4.57 7.36 8.25 8.31 5.79 9.92 4.59 8.66 6.33 4.90 4.01 4.40 4.92 10.13 5.48 14.85 8.87 6.06 5.11 4.80 6.38 6.01 4.37 5.36 5.81 10.94 8.15 6.56 6.63 4.87 5.86 6.27 5.86 6.00 6.31 8.33 6.12 10.33 11.72 10.99 6.73 8.42 10.52 5.75 4.33 5.32 5.40 7.47 11.81 10.30 8.89 9.64 9.06 4.29 5.86 6.13 5.94 6.27 5.44
5.51 7.54 7.68 6.94 8.24 7.35 5.94 6.41 7.01 6.19 5.54 6.36 7.78 6.94 4.83 6.53 12.59 5.39 6.86 6.37 5.80 7.48 7.64 8.17 10.07 5.18 5.08 4.42 5.06 6.46 10.20 10.42 9.29 6.70 10.42 6.41 5.43 5.75 7.08 4.83 4.27 5.27 6.47 12.10 6.93 6.04 5.33 4.21 4.91 6.51 7.03 7.18 7.67 5.40 7.72 9.89 11.44 12.02 8.73 6.81 9.93 6.64 4.95 4.69 5.44 8.93 10.15 11.55 8.52 9.04 7.97 5.22 6.86 7.71 7.16 6.49 10.23
6.99 7.65 5.74 5.92 6.93 5.46 6.16 5.38 6.00 4.90 5.81 6.74 8.33 9.11 8.14 10.04 11.51 7.53 4.84 5.66 7.40 7.00 5.31 6.39 9.84 4.88 4.95 6.67 7.38 11.03 6.71 6.22 6.21 6.14 7.90 8.21 6.16 5.50 7.71 4.68 5.42 5.62 5.96 12.21 6.19 5.75 5.43 4.09 5.22 5.68 5.74 5.89 7.96 8.02 8.56 9.64 11.19 12.41 7.88 5.32 13.27 4.79 5.85 5.01 6.80 9.48 8.99 11.40 9.63 11.47 8.42 7.25 10.12 8.66 7.38 9.20 10.94
5.74 5.99 -9999.00 -9999.00 -9999.00 5.48 5.03 5.76 7.01 5.53 5.20 5.48 5.72 5.50 8.09 11.56 6.26 8.27 7.49 6.41 6.28 5.26 4.92 9.03 10.18 4.83 6.25 6.88 6.75 9.91 6.04 4.93 5.39 5.50 4.87 10.01 4.91 5.94 7.23 4.86 5.47 6.98 6.35 11.62 6.96 5.81 5.56 4.29 5.41 7.15 7.98 8.52 9.32 9.79 10.36 11.18 11.45 13.27 5.22 4.46 9.79 4.96 6.57 5.91 7.61 8.98 7.89 9.54 11.36 16.97 11.16 13.27 7.89 5.82 5.75 5.50 9.51
-9999.00 -9999.00 -9999.00 -9999.00 -9999.00 -9999.00 -9999.00 5.72 7.66 9.11 5.97 5.60 4.87 5.65 12.04 6.55 6.57 7.30 6.26 5.21 4.70 4.40 5.79 9.94 6.42 4.35 6.13 5.14 10.51 6.39 5.25 4.38 4.49 6.14 7.25 7.69 7.82 6.86 7.65 6.23 5.36 5.77 10.27 11.92 6.22 5.45 4.40 4.44 6.21 6.56 6.23 6.78 6.06 5.92 5.30 8.62 12.38 10.02 5.45 5.88 9.34 9.07 8.43 8.46 9.00 8.57 8.43 9.27 13.47 12.11 16.39 10.17 6.47 6.16 8.69 6.68 10.03
-9999.00 -9999.00 -9999.00 -9999.00 -9999.00 -9999.00 -9999.00 -9999.00 4.92 5.03 8.98 9.82 10.23 10.50 10.23 7.74 5.43 6.14 6.24 4.13 5.26 9.14 10.04 5.94 5.32 4.62 4.68 5.18 10.69 6.16 4.54 4.56 6.39 6.88 5.78 6.53 9.80 10.80 11.84 8.18 5.46 5.47 12.89 6.67 6.03 5.23 5.10 5.30 5.32 4.77 5.32 5.86 6.44 4.41 5.48 6.73 12.87 10.88 10.57 11.26 10.65 11.09 10.17 9.51 9.16 11.00 13.72 13.14 8.94 13.31 5.79 9.51 7.95 5.08 6.85 10.41 5.73
-9999.00 -9999.00 -9999.00 -9999.00 -9999.00 -9999.00 -9999.00 -9999.00 6.28 7.91 8.76 5.34 8.94 7.15 7.78 9.22 5.28 4.44 4.91 5.21 8.31 9.58 5.31 5.15 4.48 4.52 5.04 8.84 8.44 5.60 4.57 5.38 6.31 5.11 5.81 7.73 5.86 5.12 6.01 10.81 4.92 6.44 12.31 5.77 5.18 5.68 5.97 6.71 5.67 5.32 5.90 6.77 7.59 5.28 4.91 6.02 12.53 10.89 10.05 10.28 10.27 10.47 12.47 12.58 10.73 11.45 8.99 11.42 11.76 12.28 9.61 7.69 11.43 8.12 4.78 12.70 7.18
-9999.00 -9999.00 -9999.00 -9999.00 -9999.00 -9999.00 -9999.00 -9999.00 -9999.00 6.14 7.01 5.39 9.12 6.47 4.90 9.66 5.26 4.46 6.16 7.47 8.81 6.72 4.30 4.36 6.44 8.54 9.74 6.76 5.91 5.14 4.09 5.15 4.58 4.84 6.61 4.82 5.13 6.40 7.69 9.17 5.30 12.54 5.71 4.91 5.79 6.92 6.64 5.28 4.99 6.46 6.77 7.39 8.19 6.25 5.19 6.19 12.39 11.63 10.79 9.66 8.30 9.93 11.09 6.89 8.67 8.69 6.18 10.83 8.09 6.91 8.50 8.64 7.27 10.97 6.26 5.96 8.47
-9999.00 -9999.00 -9999.00 -9999.00 -9999.00 -9999.00 -9999.00 -9999.00 -9999.00 -9999.00 5.47 5.41 8.38 8.16 4.79 9.00 7.30 4.70 6.63 5.85 7.75 5.38 5.48 6.66 8.21 5.53 6.58 5.09 4.64 4.59 4.56 4.62 5.84 5.52 5.75 6.14 6.07 5.97 6.80 10.58 11.81 6.47 5.10 5.00 8.06 7.12 6.45 5.60 5.31 5.08 5.90 7.58 9.32 8.47 5.25 6.22 10.60 12.44 10.36 10.26 9.25 9.33 10.64 5.63 5.25 6.24 8.07 6.35 5.91 7.73 7.72 7.76 5.22 6.32 9.76 7.27 5.77
-9999.00 -9999.00 -9999.00 -9999.00 -9999.00 -9999.00 -9999.00 -9999.00 -9999.00 -9999.00 -9999.00 4.33 8.52 9.18 4.66 9.18 6.36 5.73 4.46 8.01 5.66 4.68 4.45 4.89 5.03 4.70 5.06 4.08 4.67 4.66 5.96 5.36 4.87 6.48 7.26 7.02 7.97 7.78 8.68 8.68 13.87 8.94 6.14 7.20 7.26 6.27 4.74 5.89 6.41 6.02 6.50 7.74 8.68 10.19 8.87 7.15 9.12 11.13 11.76 9.08 9.16 10.46 11.65 5.88 4.87 6.54 7.08 7.38 5.41 6.61 5.84 9.60 7.78 5.21 7.01 7.81 6.22
-9999.00 -9999.00 -9999.00 -9999.00 -9999.00 -9999.00 -9999.00 -9999.00 -9999.00 -9999.00 -9999.00 5.62 8.14 6.75 5.47 8.11 5.91 4.54 5.86 6.56 4.62 4.31 5.37 6.11 5.36 5.67 5.49 4.94 5.30 5.77 5.54 6.77 5.12 5.62 6.08 6.84 6.97 7.30 7.28 7.37 8.51 10.94 8.03 6.82 8.02 5.88 4.50 5.61 6.40 5.92 7.02 8.12 8.43 8.48 10.81 9.29 9.89 12.49 14.33 9.54 8.57 11.39 13.43 5.67 4.46 5.78 5.57 5.18 4.62 5.49 5.03 7.30 5.84 4.88 5.35 5.30 5.43
-9999.00 -9999.00 -9999.00 -9999.00 -9999.00 -9999.00 -9999.00 -9999.00 -9999.00 -9999.00 -9999.00 -9999.00 5.80 7.36 5.84 7.37 5.47 4.88 5.98 5.30 6.46 6.32 5.76 5.94 6.25 6.98 5.94 5.98 5.81 6.48 5.68 6.69 6.91 4.73 5.03 6.18 6.51 6.99 8.40 7.65 7.99 8.59 12.45 7.31 6.74 5.53 4.75 6.71 7.87 5.43 5.12 4.86 4.60 4.82 7.10 10.24 11.72 11.00 9.40 11.02 9.76 11.09 13.44 5.84 6.27 6.34 7.84 5.59 7.84 6.76 4.87 4.88 5.20 6.41 5.71 7.18 5.71
-9999.00 -9999.00 -9999.00 -9999.00 -9999.00 -9999.00 -9999.00 -9999.00 -9999.00 -9999.00 -9999.00 -9999.00 -9999.00 6.39 5.91 6.35 4.73 5.48 5.42 6.39 7.58 8.44 8.74 9.01 9.50 10.83 10.56 10.31 10.58 11.04 8.24 6.94 7.93 5.74 5.17 4.76 5.12 6.68 8.05 8.04 5.35 8.56 9.45 7.68 6.63 6.68 6.25 9.82 7.12 4.81 6.20 7.35 7.93 7.52 7.88 9.94 10.62 8.97 9.83 11.62 13.28 10.54 6.61 6.16 5.19 6.79 8.30 8.89 8.48 7.13 5.05 6.58 6.12 7.40 6.64 7.16 7.15
-9999.00 -9999.00 -9999.00 -9999.00 -9999.00 -9999.00 -9999.00 -9999.00 -9999.00 -9999.00 -9999.00 -9999.00 -9999.00 5.25 4.74 5.85 4.40 4.42 6.04 6.77 6.38 6.56 6.98 9.60 9.13 6.89 6.80 8.75 8.86 9.11 10.79 11.47 11.71 12.64 10.80 9.51 5.19 4.66 6.98 4.65 6.01 7.54 8.36 11.45 11.66 8.50 8.92 5.79 5.80 4.55 4.71 6.08 6.64 7.93 8.50 9.08 11.21 10.55 12.90 13.22 4.94 5.86 6.22 5.03 6.85 11.49 9.05 10.71 6.73 6.74 4.92 6.70 7.53 8.62 9.72 9.58 5.50
-9999.00 -9999.00 -9999.00 -9999.00 -9999.00 -9999.00 -9999.00 -9999.00 -9999.00 -9999.00 -9999.00 -9999.00 5.27 6.04 4.53 5.42 5.08 6.39 4.67 4.68 4.79 6.31 6.76 7.45 6.65 5.04 5.21 5.35 4.80 5.61 8.68 10.11 5.81 6.33 10.27 11.83 12.33 5.64 5.03 4.79 4.87 5.41 5.07 7.40 12.41 8.85 6.51 4.96 4.36 5.32 7.23 5.14 5.58 5.18 6.27 8.01 9.24 15.12 13.88 5.21 10.58 11.95 11.71 11.18 13.53 8.81 8.50 5.57 8.35 6.05 5.39 8.54 7.08 5.96 7.51 9.03 8.44
-9999.00 -9999.00 -9999.00 -9999.00 -9999.00 -9999.00 -9999.00 -9999.00 -9999.00 -9999.00 5.79 6.43 6.06 6.07 5.92 6.87 5.40 7.71 5.15 5.07 6.04 6.24 5.77 6.38 5.10 4.45 6.26 8.23 8.51 9.21 8.70 5.50 4.22 4.43 4.83 5.90 6.77 12.89 10.80 10.48 11.04 9.52 10.33 10.01 14.28 8.86 7.48 5.30 5.09 6.42 7.56 5.98 5.93 6.52 6.47 7.62 9.05 13.86 8.92 10.10 9.89 6.24 5.18 6.73 6.34 8.26 7.71 7.16 6.41 6.46 6.45 5.75 7.27 8.02 9.55 7.30 8.97
-9999.00 -9999.00 -9999.00 -9999.00 -9999.00 -9999.00 -9999.00 -9999.00 -9999.00 -9999.00 6.34 8.23 5.63 6.73 8.63 5.62 6.32 6.96 5.75 5.27 5.30 4.78 4.89 5.06 5.86 6.80 6.77 6.30 6.75 7.01 6.81 7.46 5.41 4.47 4.64 4.95 4.68 4.99 9.29 12.19 10.83 11.39 13.29 12.19 10.23 13.95 7.50 6.11 4.77 7.92 5.77 8.03 4.55 6.42 8.24 8.24 12.17 15.47 11.86 10.25 9.93 5.33 4.86 5.79 6.15 4.81 5.34 4.91 5.42 4.94 5.37 5.71 6.38 7.01 11.29 4.82 11.26
-9999.00 -9999.00 -9999.00 -9999.00 -9999.00 -9999.00 -9999.00 -9999.00 -9999.00 -9999.00 6.39 7.50 4.51 8.06 7.48 5.80 7.10 7.73 6.95 5.43 6.54 6.69 4.17 4.10 5.12 5.07 4.77 5.49 6.49 7.44 7.59 7.39 8.27 5.50 5.59 4.69 5.47 6.27 12.02 9.76 12.38 13.20 5.87 4.56 5.73 12.85 14.04 8.06 7.15 5.77 7.81 9.01 4.91 5.93 6.33 6.01 9.20 13.84 10.98 10.20 10.23 8.45 7.59 7.71 5.28 5.46 6.42 6.41 5.73 5.10 7.74 8.01 5.92 7.07 10.58 5.35 8.01
-9999.00 -9999.00 -9999.00 -9999.00 -9999.00 -9999.00 -9999.00 -9999.00 -9999.00 6.31 9.42 8.95 8.68 9.05 6.06 5.48 7.67 9.02 7.22 4.85 8.13 5.77 5.47 6.21 6.73 4.42 5.56 5.35 6.34 6.11 5.75 6.54 8.31 10.73 6.58 5.37 5.46 6.45 11.69 10.76 7.24 5.25 4.39 5.18 6.37 12.42 14.65 7.53 7.76 7.51 10.12 7.00 4.51 6.10 7.87 7.63 8.56 18.14 12.06 10.50 10.83 7.12 6.09 6.34 5.56 6.09 8.39 7.28 6.99 5.41 5.90 6.32 8.05 9.29 12.16 7.97 8.71
-9999.00 -9999.00 -9999.00 -9999.00 -9999.00 -9999.00 -9999.00 -9999.00 -9999.00 -9999.00 6.43 5.75 6.76 10.23 8.51 7.85 8.43 8.24 6.10 6.20 8.04 7.12 5.28 7.38 7.51 5.72 4.37 5.12 6.05 4.17 4.60 6.13 8.99 10.93 10.23 11.33 6.62 13.36 7.58 6.37 5.11 4.79 5.62 8.98 9.36 8.48 14.97 8.06 8.42 9.78 5.05 5.56 4.73 5.05 5.31 5.46 5.19 12.08 16.03 11.47 11.08 9.10 7.06 5.55 6.00 7.64 10.20 7.85 5.51 5.04 6.71 8.11 9.46 10.53 7.88 6.15 5.15
-9999.00 -9999.00 -9999.00 -9999.00 -9999.00 -9999.00 -9999.00 -9999.00 -9999.00 -9999.00 5.41 5.55 5.32 7.22 9.79 10.08 10.38 7.37 5.90 5.59 8.99 5.54 5.41 8.89 7.45 5.50 4.41 4.60 5.00 5.47 6.03 9.17 5.95 8.28 7.75 9.60 11.34 11.73 5.85 5.21 4.78 5.87 8.89 7.83 8.36 5.26 6.18 15.01 9.89 8.63 4.61 7.35 6.02 6.73 5.29 5.62 6.46 7.58 14.73 12.16 9.93 10.45 5.73 5.24 7.00 10.62 7.67 6.34 5.05 6.88 7.47 6.30 9.52 8.38 5.04 8.77 4.92
-9999.00 -9999.00 -9999.00 -9999.00 -9999.00 -9999.00 -9999.00 -9999.00 -9999.00 -9999.00 -9999.00 5.06 6.31 7.65 7.44 8.88 11.83 7.67 7.39 5.43 9.57 5.80 6.59 9.63 6.39 5.45 4.03 5.18 5.83 6.79 9.67 6.12 8.81 5.20 5.33 5.72 12.21 7.10 5.29 4.87 5.97 9.27 9.90 4.98 5.67 4.08 5.25 8.17 15.52 9.37 6.30 7.48 9.23 8.87 6.92 4.85 5.33 7.46 7.50 15.01 14.08 13.86 7.25 6.37 11.22 8.72 6.55 5.44 4.75 5.01 6.76 7.92 10.66 9.80 7.72 7.33 4.68
-9999.00 -9999.00 -9999.00 -9999.00 -9999.00 -9999.00 -9999.00 -9999.00 -9999.00 -9999.00 -9999.00 5.73 7.07 5.22 6.04 8.06 9.36 13.12 9.05 4.20 8.09 7.54 4.38 10.18 6.85 5.62 4.90 6.47 7.41 8.39 7.99 6.01 6.65 4.36 5.58 6.22 11.28 8.19 6.87 4.46 8.40 5.52 7.51 4.46 4.52 5.77 7.47 7.60 9.47 13.99 8.10 7.34 7.64 8.06 9.13 8.36 6.87 7.93 7.39 8.26 12.80 16.47 12.83 10.28 6.40 5.56 5.29 5.11 6.72 7.22 6.76 7.59 7.17 12.08 9.92 8.76 6.26
-9999.00 -9999.00 -9999.00 -9999.00 -9999.00 -9999.00 -9999.00 -9999.00 -9999.00 -9999.00 -9999.00 4.64 4.69 5.51 9.02 8.01 7.00 5.49 10.92 6.10 6.47 8.83 5.94 8.45 8.36 5.39 5.54 4.63 5.62 6.57 6.21 5.71 4.44 5.43 5.82 7.32 11.60 5.94 7.49 5.24 7.76 4.66 6.35 5.03 6.07 8.27 7.51 5.36 6.29 13.11 16.67 8.55 9.23 12.52 6.98 7.61 7.91 7.53 7.65 7.18 6.56 10.95 14.72 15.21 5.99 5.75 6.47 5.18 7.10 8.79 6.04 9.13 8.32 13.08 7.10 10.06 9.74
-9999.00 -9999.00 -9999.00 -9999.00 -9999.00 -9999.00 -9999.00 -9999.00 -9999.00 -9999.00 -9999.00 -9999.00 5.90 7.60 7.52 4.77 5.49 6.41 5.70 11.56 5.83 7.77 7.14 7.68 9.07 6.85 4.67 5.00 4.35 5.24 4.63 4.29 5.00 5.03 5.96 11.24 7.21 5.19 5.66 5.69 8.92 5.08 5.92 5.42 6.46 5.98 5.73 7.50 8.40 7.68 9.92 14.71 14.11 14.26 13.73 7.81 7.84 7.06 6.92 7.16 7.12 6.81 11.39 14.63 19.14 7.33 5.07 4.57 6.21 7.55 8.25 8.02 14.74 6.82 8.01 8.63 7.94
-9999.00 -9999.00 -9999.00 -9999.00 -9999.00 -9999.00 -9999.00 -9999.00 -9999.00 -9999.00 -9999.00 -9999.00 -9999.00 5.89 4.93 5.20 5.66 7.16 7.87 6.83 11.64 7.03 8.21 9.23 9.60 5.01 5.63 5.04 5.72 4.62 6.02 7.19 6.22 6.67 7.17 14.15 6.01 5.42 4.39 5.52 5.28 6.76 5.01 4.54 5.21 5.47 5.67 6.20 6.74 7.40 8.33 10.74 12.50 13.42 13.79 14.85 14.32 13.96 9.62 12.48 11.73 13.63 12.57 14.36 14.34 8.97 6.58 5.60 5.20 7.19 8.02 8.44 10.74 8.93 7.81 6.82 8.02
-9999.00 -9999.00 -9999.00 -9999.00 -9999.00 -9999.00 -9999.00 -9999.00 -9999.00 -9999.00 -9999.00 -9999.00 -9999.00 -9999.00 4.54 5.85 5.83 5.45 5.42 6.43 12.46 8.87 6.73 9.52 9.84 5.99 4.98 6.65 6.29 4.16 4.58 5.30 6.60 8.45 8.11 10.18 6.21 4.46 4.78 6.48 5.29 6.69 6.67 5.74 4.91 6.71 8.12 8.61 8.06 7.15 10.26 8.88 5.55 11.15 12.22 13.06 13.79 15.06 14.61 14.08 14.82 14.22 13.89 13.85 15.12 15.23 8.22 6.66 5.64 6.38 7.45 8.60 8.99 7.48 7.22 5.08 4.22
-9999.00 -9999.00 -9999.00 -9999.00 -9999.00 -9999.00 -9999.00 -9999.00 -9999.00 -9999.00 -9999.00 -9999.00 -9999.00 -9999.00 5.01 5.35 6.81 8.61 10.29 5.85 8.60 11.98 11.07 13.17 9.66 6.39 6.46 8.11 6.06 4.94 5.01 6.03 8.72 7.44 8.88 11.23 5.37 5.02 5.89 5.85 6.88 7.42 8.01 5.80 5.97 5.96 5.00 4.90 5.73 8.11 11.59 5.76 5.68 8.12 6.46 8.41 8.47 4.99 7.77 13.23 12.77 13.88 12.61 13.23 14.42 15.67 14.43 8.20 5.87 6.94 13.79 14.48 6.55 4.71 5.84 10.35 7.34
-9999.00 -9999.00 -9999.00 -9999.00 -9999.00 -9999.00 -9999.00 -9999.00 -9999.00 -9999.00 -9999.00 -9999.00 -9999.00 6.25 7.58 8.90 9.08 8.64 9.25 9.45 10.32 9.98 10.90 13.86 12.12 12.58 10.85 8.45 5.48 4.19 5.77 6.98 7.74 5.22 9.07 7.64 7.25 5.46 6.59 8.17 7.97 9.97 8.85 11.37 11.37 10.06 12.55 10.56 9.92 10.80 10.33 5.17 6.37 6.95 7.02 8.03 4.39 6.03 8.17 7.84 8.78 12.32 12.14 12.07 11.29 13.67 15.69 13.53 5.03 7.71 9.43 9.55 9.56 9.71 9.74 5.94 10.03
-9999.00 -9999.00 -9999.00 -9999.00 -9999.00 -9999.00 -9999.00 -9999.00 -9999.00 -9999.00 -9999.00 -9999.00 -9999.00 5.17 6.19 6.92 4.64 4.92 5.77 7.58 8.66 6.41 5.00 4.18 4.58 8.39 10.58 5.18 4.54 4.44 4.75 5.88 5.27 8.07 7.78 8.27 6.07 7.87 8.50 8.84 9.74 7.53 9.12 8.32 6.45 7.86 7.01 6.88 10.79 12.28 7.74 5.16 6.71 5.99 6.99 9.85 4.75 7.30 7.60 8.85 8.50 9.02 11.08 11.67 11.85 10.59 14.56 12.07 5.03 7.12 10.35 9.31 6.29 5.45 5.15 4.84 5.57
