DTVGM_day/TopIndex/map.asc
ncols	203
nrows	150
xllcorner	946216.687500
yllcorner	4394712.000000
cellsize	100
NODATA_value	-9999.000000
[rows 27 to 53 of 77, columns 61 to 121 of 203]
7.5836 8.4364 8.7431 9.0081 9.4983 10.8309 10.5593 10.3131 10.5788 11.0351 8.2369 6.9410 7.9271 5.7361 5.1663 4.7611 5.1185 6.6771 8.0511 8.0387 5.3493 8.5577 9.4518 7.6810 6.6253 6.6759 6.2496 9.8183 7.1206 4.8075 6.2042 7.3476 7.9309 7.5188 7.8779 9.9432 10.6219 8.9686 9.8293 11.6245 13.2837 10.5369 6.6125 6.1579 5.1884 6.7884 8.2966 8.8876 8.4842 7.1295 5.0531 6.5827 6.1230 7.3988 6.6354 7.1625 7.1455 7.9254 8.0518 8.4144 8.4142
9.0463 10.7060 6.7336 6.7388 4.9232 6.6987 7.5305 8.6174 9.7200 9.5815 5.4981 9.7811 8.5502 6.8035 9.0037 7.6946 5.6832 8.2461 5.5898 6.6565 4.8785 6.9402 11.1618 5.6054 8.7501 5.7128 6.0020 6.5981 7.3193 6.5815 5.1218 5.1083 6.0924 13.1357 5.6664 5.6604 5.9822 5.0514 6.7319 5.7388 6.0359 4.9340 4.7098 7.2871 5.4828 8.6361 5.6099 6.0905 10.0458 8.7286 9.8912 6.8618 5.6928 5.0327 6.7371 6.7550 5.1558 6.6208 5.3032 4.6514 5.1966
7.9112 5.3490 8.3254 10.7535 6.7015 6.4372 6.3373 4.8186 4.2707 6.1606 8.5633 5.8373 8.7200 5.2837 4.2022 4.6634 4.6434 5.0203 6.2316 7.0980 6.9601 8.4765 7.5619 8.0672 7.3155 6.8283 7.8742 7.9715 8.8678 9.4219 10.1168 10.9383 9.5678 11.5852 7.6604 6.8544 5.4608 6.9031 6.3265 6.2581 7.0527 13.4020 10.5156 8.4111 7.3843 5.3529 4.7986 9.7522 8.6092 6.3597 5.1367 8.8149 12.2976 9.1351 6.4828 6.3140 7.3150 4.9991 5.2281-9999.0000-9999.0000-9999.0000-9999.0000-9999.0000-9999.0000-9999.0000-9999.0000-9999.0000-9999.0000-9999.0000-9999.0000-9999.0000-9999.0000-9999.0000-9999.0000-9999.0000-9999.0000-9999.0000-9999.0000-9999.0000-9999.0000-9999.0000-9999.0000-9999.0000-9999.0000-9999.0000-9999.0000-9999.0000-9999.0000-9999.0000-9999.0000-9999.0000 -9999.0000-9999.0000-9999.0000-9999.0000-9999.0000-9999.0000-9999.0000-9999.0000-9999.0000-9999.0000 5.7890
9.0500 5.7558 5.3264 5.1396 6.8097 12.9699 7.6739 4.8168 6.5485 11.9987 8.1844 7.4559 6.1059 5.4188 7.4064 4.9888 7.1894 5.9155-9999.0000-9999.0000-9999.0000-9999.0000-9999.0000-9999.0000-9999.0000-9999.0000-9999.0000-9999.0000-9999.0000-9999.0000-9999.0000-9999.0000-9999.0000-9999.0000-9999.0000-9999.0000-9999.0000-9999.0000-9999.0000-9999.0000-9999.0000-9999.0000-9999.0000-9999.0000-9999.0000-9999.0000-9999.0000-9999.0000-9999.0000-9999.0000 -9999.0000-9999.0000-9999.0000-9999.0000-9999.0000-9999.0000-9999.0000-9999.0000-9999.0000-9999.0000 6.3435 8.2283 5.6279 6.7331 8.6327 5.6157 6.3207 6.9555 5.7479 5.2744 5.2951 4.7822 4.8913 5.0571 5.8631 6.8001 6.7739 6.2998 6.7508 7.0093 6.8136 7.4598 5.4059 4.4748 4.6388 4.9452 4.6778 4.9896 9.2890 12.1920 10.8323 11.3886 13.2892 12.1914 10.2304 13.9473 7.4958 6.1084 4.7686 7.9243 5.7716 8.0274
7.3937 8.2720 5.5004 5.5946 4.6872 5.4672 6.2691 12.0194 9.7641 12.3788 13.1972 5.8659 4.5581 5.7264 12.8471 14.0409 8.0559 7.1512 5.7713 7.8064 9.0062 4.9088 5.9310 6.3316 6.0107 9.2010 13.8392 10.9799 10.2018 10.2322 8.4515 7.5889 7.7090 5.2840 5.4561 6.4212 6.4122 5.7259 5.1020 7.7383 8.0136 5.9180 7.0702 10.5798 5.3467 8.0099 11.2683 9.7357 7.2270 7.9999 6.0569 7.9912 6.0549 6.7278 5.2034 10.2903 4.8171 5.0723 5.0038 6.0211 7.9171
5.8998 6.3235 8.0471 9.2927 12.1587 7.9740 8.7120 11.8830 12.4118 4.9255 9.4924 8.3085 8.4120 6.8345 7.0221 7.1711 5.4184 7.0889 7.6025 7.0050 5.3866 4.6337 7.0261 12.6808 12.7334 13.7857 7.7049 6.2572 7.8817 6.2240 7.0168 10.6171 9.4538 9.4435 5.8541 6.9701 4.7379 5.5290 4.8590 5.3348 6.5249 8.9551 6.0490 5.0173 9.9401 10.2012 8.2213 5.4138 5.6633 5.3478 6.3257 9.8636 5.5847 9.8140 5.3701 7.1838 4.9367 9.4503 6.4333 6.2723 4.6728
5.0638 10.0209 6.6501 9.8925 7.9244 4.9868 4.4967 4.1939 6.0165 6.9697 8.7051 9.9749 4.3764 7.7991 10.6189 6.4877 5.4894 10.5078 7.7017 6.6659 5.5469 4.3521 4.7791 6.6057 7.3196 8.4605 7.2774 6.1744 7.8598 9.0798 6.1110 7.9562 8.8048 10.0159 13.1859 9.6415 9.0692 8.0742 7.9399 8.6397 7.1799 9.4343 10.3686 7.4828 7.8102 6.5503 5.1861 6.3065 10.4728 7.0612 6.5910 10.9905 11.6156 10.3701 8.8823 6.6072 6.9288 6.5917 6.2506 5.3586 4.0192
6.8715 9.2361 9.7855 7.3468 6.5716 5.2238 6.7346 8.5311 9.7640 10.0426 7.5833 13.1819 11.6000 8.7920 7.1812 4.5790 5.0321 5.7209 4.5330 4.7818 6.4148 7.3931 5.6764-9999.0000-9999.0000-9999.0000-9999.0000-9999.0000-9999.0000-9999.0000-9999.0000-9999.0000-9999.0000-9999.0000-9999.0000-9999.0000-9999.0000-9999.0000-9999.0000-9999.0000-9999.0000-9999.0000-9999.0000-9999.0000-9999.0000-9999.0000-9999.0000-9999.0000-9999.0000-9999.0000-9999.0000-9999.0000-9999.0000 -9999.0000-9999.0000-9999.0000-9999.0000-9999.0000-9999.0000-9999.0000-9999.0000-9999.0000-9999.0000-9999.0000 5.0574 6.3101 7.6543 7.4440 8.8764 11.8299 7.6746 7.3864 5.4317 9.5699 5.7970 6.5934 9.6263 6.3862 5.4457 4.0341 5.1799 5.8328 6.7867 9.6685 6.1179 8.8093 5.1956 5.3309 5.7211 12.2123 7.0952 5.2936 4.8709 5.9717 9.2668 9.9021 4.9808 5.6697 4.0843 5.2537 8.1691
6.4693 7.4139 8.3948 7.9874 6.0056 6.6509 4.3633 5.5780 6.2211 11.2769 8.1914 6.8653 4.4555 8.3970 5.5248 7.5119 4.4593 4.5232 5.7724 7.4667 7.6037 9.4740 13.9864 8.0961 7.3399 7.6404 8.0636 9.1307 8.3601 6.8683 7.9275 7.3917 8.2574 12.8021 16.4701 12.8270 10.2831 6.4039 5.5625 5.2862 5.1064 6.7233 7.2195 6.7640 7.5903 7.1733 12.0830 9.9193 8.7622 6.2633 12.6998 7.9455 7.2797 5.4161 4.7181 6.9495 6.5277 4.6578 5.2046 5.4246 5.3635
5.1820 7.1040 8.7919 6.0390 9.1340 8.3194 13.0798 7.1041 10.0561 9.7398 7.6488 8.0451 6.1015 7.1927 7.1318 5.9784 4.4442 5.7496 8.0435 8.5857 9.1920 10.3076 10.0319 6.2852 4.9671 4.7858 6.9976 12.4913 7.4426 15.3315 8.2402 6.9299 6.2686 5.2417 6.7292 5.8299 4.8547 8.8602 8.1366 5.1328 4.4425 5.4707 7.1967 8.6947 7.3001 10.0723 9.1208 10.8975 5.8604 4.7220 6.3419 5.7850 11.7168 9.0034 6.3512 5.3305 6.7036 8.3172 11.0627 5.1694 6.5797
6.3689 4.7320 4.8561 6.9113 10.2393 11.6321 6.6289 5.1821 7.4381 11.4061 7.5258 5.2761 4.8289 4.6542 5.3436 6.6622 11.8709 8.9850 7.5872 9.3389 8.2854 7.4181 6.8876 8.5748 5.3966 6.6376 7.0020 6.5821 4.8669 6.8099 8.3793 7.1220 5.9668 7.1321 8.0474-9999.0000-9999.0000 9.0739 7.3672 9.5087 13.8135 8.3673 8.0434 6.3150 6.1566 5.2994 6.6718 8.7487 9.8305 7.9470 8.9199 9.7798 10.9697 10.4769 11.5382 10.8481 14.1484 10.3835 8.9723 6.1996 5.6354 7.2224 7.6492
6.7129 7.6752 11.4709 7.5698 9.5193 8.8771 8.7392 6.2755 6.3745 6.1246 6.8910 7.7652 8.2735 6.9761 6.8669 6.8183 6.1026 4.8264 4.4200 4.6466-9999.0000-9999.0000-9999.0000-9999.0000-9999.0000-9999.0000-9999.0000-9999.0000-9999.0000-9999.0000-9999.0000-9999.0000-9999.0000-9999.0000-9999.0000-9999.0000-9999.0000-9999.0000-9999.0000-9999.0000-9999.0000-9999.0000-9999.0000-9999.0000-9999.0000-9999.0000-9999.0000-9999.0000-9999.0000 -9999.0000-9999.0000-9999.0000-9999.0000-9999.0000-9999.0000-9999.0000-9999.0000-9999.0000-9999.0000-9999.0000-9999.0000-9999.0000-9999.0000 4.5432 5.8535 5.8336 5.4520 5.4177 6.4275 12.4552 8.8669 6.7314 9.5250 9.8363 5.9878 4.9777 6.6452 6.2927 4.1636 4.5812 5.3015 6.5985 8.4484 8.1082 10.1824 6.2084 4.4559 4.7839 6.4845 5.2929 6.6889 6.6665 5.7421 4.9126 6.7125 8.1163 8.6118 8.0649 7.1480 10.2594 8.8766 5.5467 11.1495
5.8944 5.8535 6.8770 7.4203 8.0134 5.7997 5.9693 5.9590 4.9972 4.8955 5.7286 8.1121 11.5880 5.7563 5.6798 8.1229 6.4589 8.4132 8.4695 4.9937 7.7728 13.2291 12.7662 13.8816 12.6125 13.2257 14.4207 15.6667 14.4345 8.2029 5.8667 6.9368 13.7862 14.4753 6.5505 4.7055 5.8361 10.3470 7.3365 6.4709 6.4012 5.1454 4.9771 7.6500 6.0739 7.4599 7.4884 6.2273 6.9003 6.4433 6.2633 6.4807 8.1003 6.2715 6.3865 7.8881 15.8749 12.0490 6.2154 6.2999 6.5456
6.8552 7.7827 9.4615 5.8104 6.4187 5.7619 6.9999 9.6397 8.8297 9.8021 8.6351 8.2933 14.1431 15.0858 12.0687 12.0888 12.3234 10.5138 10.1563 9.9784 9.8334 9.8528 6.3692 6.9418 7.3083 6.0851 5.6335 5.9823 5.0045 4.7277 7.6458 12.3116 9.7099 5.1065 11.7263 5.7986 9.9238 6.4240 5.2793 4.4368 6.2690 6.5761 4.8332 6.1030 6.7316 8.5081 11.3788 11.2703 9.4811 7.2289 9.8105 9.5852 9.8165 9.0409 6.7002 4.6894 7.1658 7.6996 6.5401 7.1112 11.5540
7.0023 8.0284 9.5865 12.2067 9.9842 9.8343 9.6504 11.5325 10.5087 9.0772 6.2802 5.1949 7.4360 7.9210 7.8459 6.2641 5.3982 9.5508 11.4751 11.8862-9999.0000 13.4654 13.1685 10.2339 9.4658 8.4404 10.2588 7.6496 8.8118 7.6130 8.2858 8.2585 7.6313 5.9510 8.0402 5.1730 6.3031 8.8122 6.2265 3.6617 8.0516 6.6394 5.5301 4.6497 5.8714 6.8442 9.4056 7.4348 6.3705 6.7508 5.1691-9999.0000-9999.0000-9999.0000-9999.0000-9999.0000-9999.0000-9999.0000-9999.0000-9999.0000-9999.0000-9999.0000-9999.0000-9999.0000-9999.0000-9999.0000-9999.0000-9999.0000-9999.0000-9999.0000-9999.0000-9999.0000-9999.0000-9999.0000-9999.0000-9999.0000-9999.0000-9999.0000 -9999.0000-9999.0000-9999.0000-9999.0000-9999.0000-9999.0000-9999.0000-9999.0000-9999.0000-9999.0000-9999.0000-9999.0000-9999.0000-9999.0000 5.0350 5.0607 5.3866 6.9305 8.4493 7.3586 6.5888 6.6118 4.7211 6.5613
5.8173 4.7414 5.8334 6.1999 10.0792 8.1414 7.0024 5.6759 4.6432 4.1999 6.2282-9999.0000-9999.0000-9999.0000-9999.0000-9999.0000-9999.0000-9999.0000-9999.0000-9999.0000-9999.0000-9999.0000-9999.0000-9999.0000-9999.0000-9999.0000-9999.0000-9999.0000-9999.0000-9999.0000-9999.0000-9999.0000-9999.0000-9999.0000-9999.0000-9999.0000-9999.0000 -9999.0000-9999.0000-9999.0000-9999.0000-9999.0000-9999.0000-9999.0000-9999.0000-9999.0000-9999.0000-9999.0000-9999.0000-9999.0000-9999.0000-9999.0000 4.7179 4.9712 6.0457 5.3686 4.9269 5.0740 6.0005 4.4232 5.4177 5.0015 6.3636 7.7290 7.8169 5.5396 6.5347 6.6724 6.7969 5.7034 4.6064 4.9270 5.7312 4.7596 5.7468 4.4552 4.8135 6.7053 8.1129 10.0512 8.9651 9.1996 6.2178 6.9999 6.2398 11.2597 10.4136 5.9167 7.1483 5.2701 5.8417 6.9496 7.0345 5.4593 6.5496 6.6161 8.8545 9.2050 9.5841 9.6591 8.7007
5.8758 7.0220 6.6368 5.9611 5.4527 6.6957 5.6179 11.0060 6.2108 9.7077 6.0071 6.2778 4.9241 6.6462 6.6247 8.8105 9.8173 10.7272 10.1992 5.6042 8.8045 9.0272 9.2734 9.5697 9.1078 7.7182 7.8191 9.1228 12.4113 12.9200 10.3713 6.0099 6.2835 6.1750 6.2065 4.6949 4.7759 5.6074 5.6962 5.3941 5.4553 6.3350 8.3968 7.1842 7.9561 11.1163 10.0128 10.6851 7.9578 4.9721 5.9639 6.9074 8.4838 14.5320 14.8014 9.7365 9.0454 9.0800 7.9994 6.5690 7.2798
5.9580 6.4821 6.2826 6.9835 5.3878 6.4265 8.1743 10.4568 7.0233 8.0381 11.7191 11.2847 6.2269 6.5981 6.9942 7.4490 14.1694 15.5522 10.2555 10.4946 8.6967 7.7641 9.4050 8.6184 7.7401 5.4386 4.9918 7.4512 5.6939 5.4592 4.3677 5.5419 7.9532 7.6901 4.6107 6.0432 7.7775 8.1481 7.9673 11.2979 14.6376 10.7847 7.5238 11.4235 10.0622 6.0342 6.2702 7.2121 10.3231 10.7248 12.1699 7.3374 7.0682 7.7889 13.3827 11.2006 10.4050 11.6802 12.3915 13.5875 12.1391
7.3980 8.1552 8.9032 8.3018 7.7598 10.2327 13.8222 8.7817 9.4479 10.8709 7.9799 8.2109 10.8639 12.4560 13.9681 13.8174 6.8728 9.1884 11.7933 10.6734 15.6347 13.2319 13.1739 12.6759 11.2200 10.6830 9.8898 7.6416 7.6319 7.1847 6.1267 6.0700 6.1161 5.7344 6.2935 12.0662 9.8157 9.4468 8.7596 9.4869 8.9485 11.3110 5.3593 5.1737 5.4992 4.8824 6.2086 6.8087 9.4387 6.5422 5.6906 5.6564 5.0033 7.2932 6.8446 4.9451 9.8571 9.4413 5.5810 6.5927 5.6258
10.0316 7.3673 6.4685 7.2120 14.2593 13.3341 13.7328 13.4658 6.4042 5.7614 5.2083 8.7847 8.8669 5.1332 5.6507 8.4543 6.2127 5.7262 8.1096 9.0805 5.2589 11.0398 10.8801 6.7041 5.9278 4.3798 8.0735 6.7872 6.3275 4.7491 9.3685 7.9876 5.2834-9999.0000-9999.0000-9999.0000-9999.0000-9999.0000-9999.0000-9999.0000-9999.0000-9999.0000-9999.0000-9999.0000-9999.0000-9999.0000-9999.0000-9999.0000-9999.0000-9999.0000-9999.0000-9999.0000-9999.0000-9999.0000-9999.0000-9999.0000 -9999.0000-9999.0000-9999.0000-9999.0000-9999.0000-9999.0000-9999.0000-9999.0000-9999.0000-9999.0000-9999.0000-9999.0000-9999.0000 6.9863 4.9949 6.8030 6.3679 7.8501 5.3836 4.8230 6.3793 5.3479 5.0415 6.7372 11.3453 7.0636 4.8451 5.7639 7.0883 10.3752 9.5202 5.8073 9.5474 5.5646 4.3981 6.3626 4.7213 4.6946 5.7261 10.3564
5.1142 6.2212 7.2448 6.0569 4.7493 5.5826 5.1644 6.3343 7.4395 6.5165 5.3724 10.8643 8.6625 9.2220 9.4457 11.2510 10.0915 8.4798 5.1571 6.3692 5.6303 8.2730 5.7121 7.0112 6.3067 6.6342 10.7049 6.4657 5.4948 5.8509 4.6286 6.0010 8.4190 9.5815 5.7411 7.7457 5.5833 7.6868 7.3999 7.2256 6.7450 7.4725 10.0491 9.9169 10.3209 11.1414 10.2438 9.2616 11.2154 12.7132 9.8823 12.2066 11.9219 12.8564 11.7371 11.4936 12.2394 6.8110 5.2271 6.9550 9.3676
7.3303 9.6913 8.4943 9.5864 9.8898 9.9659 10.2397 9.9081 8.6239 12.8544 11.7659 6.9445 6.1769 9.4232 11.5316 11.3762 11.5033 11.2095 13.1237 7.1066 6.1922 7.7410 9.1654 10.2531 11.2357 10.5478 10.2526 10.0654 10.9756 8.4532 5.5348 5.8380 7.3088 7.2508 7.8962 8.4427 5.4572 5.7450 9.2442 14.7662 13.3918 14.0636 14.2946 14.2206 10.3404 8.1599 7.7772 7.9883 5.7347 7.7189 6.4131 5.7368 8.3041 9.7556 8.6358 5.5939 6.5474 5.2423 7.0558 9.7242 10.0822
8.6201 14.5224 14.4523 14.8544 12.8630 9.8705 8.7497 5.9233 5.1382 8.0609 8.2624 6.7152 6.7094 9.3939 10.3394 9.3063 8.4760 7.1659 5.4812 7.7434 9.1759 10.0611 9.5937 9.4941 7.3048 7.7286 10.8467 11.3531 9.9735 11.2097 14.6145 13.1469 12.5566 16.0273 15.2223 14.3360 11.7444 11.3962 11.8522 11.6493 10.7076 10.7251 8.3306 7.2215 6.6025 6.2003 6.8140 5.9477 5.7084 5.3472 6.8571 10.1618 5.6380 6.2909 6.2052 10.1034 6.2163 5.5515 5.5549 10.4125 6.1766
8.3699 6.3435 5.4841 6.7985 5.0515 4.7694 5.4490 5.9920 10.2807 9.0118 6.9881 6.5859 4.9612 6.4105 8.7257 6.6136 5.3028 7.2257 8.7315 6.9846 8.0596 5.0257 4.8598 9.7535 7.2076 10.0833 10.8263 6.5312 6.5933 6.4250 5.6309 11.1502 6.7234 5.8042 5.0926 5.9617 11.8161 5.4824 5.5809 5.9635 10.6272 10.4254 6.2971 11.3531 14.5592 7.0484 5.2490-9999.0000-9999.0000-9999.0000-9999.0000-9999.0000-9999.0000-9999.0000-9999.0000-9999.0000-9999.0000-9999.0000-9999.0000-9999.0000-9999.0000-9999.0000-9999.0000-9999.0000-9999.0000-9999.0000-9999.0000-9999.0000-9999.0000-9999.0000-9999.0000 -9999.0000-9999.0000-9999.0000-9999.0000-9999.0000-9999.0000-9999.0000-9999.0000-9999.0000-9999.0000-9999.0000-9999.0000-9999.0000-9999.0000-9999.0000-9999.0000-9999.0000-9999.0000 5.5222 5.6022 5.7275 5.6649 5.2967 7.6327 7.8077 6.3069 8.5744 5.8629 4.6168 5.0587 6.0217
4.2560 5.9568 5.4673 4.4162 5.1459-9999.0000-9999.0000-9999.0000-9999.0000-9999.0000-9999.0000-9999.0000-9999.0000-9999.0000-9999.0000-9999.0000-9999.0000-9999.0000-9999.0000-9999.0000-9999.0000-9999.0000-9999.0000-9999.0000-9999.0000-9999.0000-9999.0000-9999.0000-9999.0000-9999.0000 -9999.0000-9999.0000-9999.0000-9999.0000-9999.0000-9999.0000-9999.0000-9999.0000-9999.0000-9999.0000-9999.0000-9999.0000-9999.0000-9999.0000-9999.0000-9999.0000-9999.0000-9999.0000 5.7716 6.1069 5.9469 6.9464 6.7421 7.0027 7.5089 8.0044 8.2028 6.9754 4.6037 4.6266 5.3940 6.6416 6.6720 8.0533 10.2959 6.6859 4.6278 5.0782 4.4507 11.6201 6.2033 5.1367 6.4736 6.5593 6.7126 5.7473 4.7698 6.4943 4.5201 5.4376 6.7935 6.9535 7.5028 6.8083 8.4454 6.3039 9.1239 8.6835 9.1764 7.8582 6.2070 8.0451 5.6661 6.4425 6.5812 6.7031 8.7618 9.1002 9.2025 9.2573 11.0855 10.9743 13.5656
6.1019 9.5117 5.2925 7.3942 7.9910 6.4834 5.6409 7.5125 6.0886 7.3585 8.0881 12.9316 6.0101 8.0680 7.3469 7.3124 9.5098 10.0994 12.6285 13.5473 18.6935 14.3199 12.9655 12.7839 13.2854 12.7103 9.8516 11.0065 10.3788 12.4154 10.7213 10.7722 13.0313 12.8715 12.5643 12.6732 12.4336 12.9431 12.0419 11.6906 11.7993 17.4454 6.0948 5.2371 9.7656 10.6303 10.3648 11.0383 12.0858 11.4728 12.3963 13.2887 14.2772 14.1643 13.1297 12.8334 13.0495 14.4352 17.3582 15.0425 14.6150
16.2877 9.3213 8.7088 9.2308 9.1501 10.8722 10.8867 10.9753 10.0621 10.7964 11.6914 13.2407 11.7695 11.7645 11.4986 11.6632 13.7171 12.1630 13.3504 13.6151 13.3120 13.4211 13.4861 13.3983 15.5555 15.5093 15.6024 15.4857 15.9069 11.6802 12.1707 11.4476 10.1528 6.7108 6.2597 10.7277 5.7227 4.9417 5.2567 5.5987 4.7876 5.3257 4.8970 9.1105 5.8072 4.8937 9.0995 4.9417 6.4019 5.6432 10.2584 6.2757 6.2008 8.3979 8.5944 5.3635 4.3841 3.9501 7.4550 9.8198 10.3153
