DTVGM_day/TopIndex/map.asc
ncols	203
nrows	150
xllcorner	946216.687500
yllcorner	4394712.000000
cellsize	100
NODATA_value	-9999.000000
[rows 27 to 53 of 77, columns 0 to 60 of 203]
6.1486 9.4711 6.7942 4.4812 6.1122 5.3238 6.0346 5.2938 7.8686 5.2414 4.3773 6.5626 7.4096 8.1183 8.1277 8.8481 8.6218 8.0789 10.1628 9.4085 10.7235 7.9893 8.2628 10.0877 11.0857 10.6497 7.5928 5.6587 4.8981 11.5092 9.3033 6.4488 5.8873 6.9996 6.5477 6.5609 11.1017 13.2707 7.8670 7.2642 5.7363 4.8772 7.1433 8.7681 8.4049 5.4295 6.6238 8.8412 8.7730 5.8549 7.9951 6.4964 5.5765-9999.0000-9999.0000-9999.0000-9999.0000-9999.0000-9999.0000-9999.0000-9999.0000-9999.0000-9999.0000-9999.0000-9999.0000-9999.0000-9999.0000-9999.0000-9999.0000-9999.0000-9999.0000-9999.0000-9999.0000-9999.0000-9999.0000-9999.0000-9999.0000-9999.0000-9999.0000-9999.0000-9999.0000-9999.0000-9999.0000-9999.0000-9999.0000-9999.0000-9999.0000 -9999.0000-9999.0000-9999.0000-9999.0000-9999.0000-9999.0000-9999.0000-9999.0000-9999.0000-9999.0000-9999.0000-9999.0000-9999.0000 6.3856 5.9118 6.3506 4.7266 5.4788 5.4213 6.3855
7.8027 8.7092 9.3726 9.4875 7.6725 5.8711 5.0073-9999.0000-9999.0000-9999.0000-9999.0000-9999.0000-9999.0000-9999.0000-9999.0000-9999.0000-9999.0000-9999.0000-9999.0000-9999.0000-9999.0000-9999.0000-9999.0000-9999.0000-9999.0000-9999.0000-9999.0000-9999.0000-9999.0000-9999.0000-9999.0000-9999.0000-9999.0000-9999.0000-9999.0000-9999.0000-9999.0000-9999.0000-9999.0000-9999.0000-9999.0000 -9999.0000-9999.0000-9999.0000-9999.0000-9999.0000-9999.0000-9999.0000-9999.0000-9999.0000-9999.0000-9999.0000-9999.0000-9999.0000 5.2504 4.7424 5.8469 4.3995 4.4164 6.0393 6.7724 6.3751 6.5610 6.9817 9.5964 9.1334 6.8854 6.8023 8.7452 8.8614 9.1080 10.7864 11.4750 11.7098 12.6365 10.7991 9.5148 5.1885 4.6563 6.9822 4.6470 6.0075 7.5398 8.3582 11.4501 11.6640 8.4990 8.9240 5.7873 5.7957 4.5521 4.7096 6.0755 6.6447 7.9335 8.4988 9.0844 11.2109 10.5501 12.8965 13.2227 4.9371 5.8551 6.2159 5.0286 6.8513 11.4934
7.2283 5.1409 5.5806 5.1791 6.2717 8.0148 9.2423 15.1191 13.8819 5.2075 10.5811 11.9537 11.7064 11.1825 13.5272 8.8127 8.5022 5.5727 8.3465 6.0481 5.3867 8.5399 7.0825 5.9628 7.5137 9.0261 8.4416 9.2553 8.6873 11.4657 9.8815 9.0170 11.4356 8.5648 5.2514 6.7757 5.5368 6.0236 12.4046 11.2682 11.2900 7.5380 4.4637 6.3323 8.5793 4.6377 6.9759 6.1845 10.3976 13.4315 8.0758 9.1907 8.5064 7.1891 5.7787 4.9799 4.8001 4.8349 6.3301 7.5607 6.3199
6.7695 7.0589 11.0777 5.6150 8.1054 13.5185 12.3610 8.0030 7.7898 6.1593 5.2014 5.3093 4.9662 6.2996 5.1848 5.7568 5.7929 7.6845 8.8736 10.4753 7.7582 11.9048 6.1401 9.1388 6.3625 5.8370 5.8026 4.6510 5.5999 7.8761 8.9861 6.5403 5.7102 4.4953 5.7998 7.0419 4.7112 5.3342 6.6616 6.2483 7.5774 6.6800 7.5531 5.4418 5.8452 7.7057 8.7746 9.7603 9.5202 9.3673 11.6492 9.8800 7.3025 5.3259 7.1706 8.1841 8.1063 6.3355 5.7216 6.0003 17.6866
5.3010 7.8736 4.7534 7.1894 8.6091 8.8726 8.1991 8.9470 8.7696 9.3431 13.8563 7.5826 5.9923 8.7642 8.0796 6.6169 4.9788 6.6175 6.5822 11.7612 8.6051 6.8877 5.3379 5.3554 7.4526 11.6722 6.5263 5.2597 6.3435 11.6785 10.3862 7.2414 6.2387 6.2816 9.2412 10.0919 8.6870 5.5037 4.9894-9999.0000-9999.0000-9999.0000-9999.0000-9999.0000-9999.0000-9999.0000-9999.0000-9999.0000-9999.0000-9999.0000-9999.0000-9999.0000-9999.0000-9999.0000-9999.0000-9999.0000-9999.0000-9999.0000-9999.0000-9999.0000-9999.0000-9999.0000-9999.0000-9999.0000-9999.0000-9999.0000-9999.0000-9999.0000-9999.0000-9999.0000 -9999.0000-9999.0000-9999.0000-9999.0000-9999.0000-9999.0000-9999.0000-9999.0000-9999.0000-9999.0000 6.3886 7.5027 4.5140 8.0643 7.4767 5.8046 7.0953 7.7285 6.9487 5.4336 6.5424 6.6939 4.1696 4.1023 5.1169 5.0674 4.7721 5.4880 6.4898 7.4375 7.5857
6.3079 9.4183 8.9545 8.6801 9.0453 6.0612 5.4775 7.6708 9.0245 7.2201 4.8493 8.1280 5.7714 5.4724 6.2059 6.7257 4.4181 5.5576 5.3489 6.3447 6.1053 5.7549 6.5399 8.3062 10.7257 6.5766 5.3736 5.4634 6.4532 11.6863 10.7581 7.2387 5.2529 4.3948 5.1823 6.3672 12.4234 14.6485 7.5348 7.7565 7.5119 10.1223 7.0042 4.5108 6.0966 7.8652 7.6298 8.5629 18.1360 12.0552 10.4974 10.8304 7.1213 6.0894 6.3428 5.5636 6.0913 8.3860 7.2807 6.9916 5.4082
9.7839 5.0534 5.5552 4.7309 5.0510 5.3096 5.4589 5.1913 12.0819 16.0259 11.4696 11.0803 9.0973 7.0647 5.5467 6.0027 7.6396 10.1992 7.8494 5.5064 5.0378 6.7059 8.1107 9.4631 10.5310 7.8750 6.1471 5.1458 6.0498 10.5132 6.1335 11.0314 8.7657 5.1450 9.7022 6.1268 9.8250 9.5872 9.7050 10.5483 6.9428 6.5160 5.5589 5.7474 5.9753 13.2439 15.7235 7.1103 5.8497 9.7719 9.8860 10.6936 7.5994 7.3418 6.1086 4.8908 5.1286 4.7337 7.6575 5.6522 7.4935
11.0736 6.6931 8.1301 7.8012 7.3455 5.1354 6.9450 14.4118 10.1524 10.6509 9.7999 7.0058 8.6212 7.3674 5.1365 4.9543 6.8764 4.9730 5.7481 7.5603 7.2316 5.8419 5.8431 10.5164 9.0994 5.1751 6.2049 6.3587 5.6794 6.9124 7.0406 9.3142 6.3644 4.6473 5.1660 7.1036 10.0945 7.6434 10.1454 4.7714 5.4510 5.8275 4.9882 4.5007 5.1840 5.3202 5.6828 5.0833 6.4774 7.0674 7.9692 8.0906 8.3196 8.4569 9.3251 11.3649 10.5847 10.3649 8.6837 8.0154 7.8063
7.1632 7.0112 5.0201 5.7181 4.6686 5.4411 4.2821 5.7161 7.5145 7.9546 7.9553 7.7520 7.7582 7.9920 9.4743-9999.0000 11.5178 11.4843 9.0097 7.7543 8.0844 11.2545 9.3296 7.9090 7.3151 7.7139 6.5962 7.3168 8.8266 7.8875 9.7378 12.5831 9.2881 7.2789 6.1795 7.7729 7.8507 7.6317 6.1827 5.0899 7.7204 8.8524 7.5394 5.7975 4.8436-9999.0000-9999.0000-9999.0000-9999.0000-9999.0000-9999.0000-9999.0000-9999.0000-9999.0000-9999.0000-9999.0000-9999.0000-9999.0000-9999.0000-9999.0000-9999.0000-9999.0000-9999.0000-9999.0000-9999.0000-9999.0000-9999.0000-9999.0000-9999.0000-9999.0000-9999.0000-9999.0000-9999.0000-9999.0000 -9999.0000-9999.0000-9999.0000-9999.0000-9999.0000-9999.0000-9999.0000-9999.0000-9999.0000-9999.0000-9999.0000 5.7280 7.0651 5.2181 6.0363 8.0569 9.3592 13.1205 9.0468 4.2048 8.0928 7.5402 4.3776 10.1834 6.8530 5.6231 4.9020
7.3106 6.8307 6.8003 5.7214-9999.0000-9999.0000-9999.0000-9999.0000-9999.0000-9999.0000-9999.0000-9999.0000-9999.0000-9999.0000-9999.0000-9999.0000-9999.0000-9999.0000-9999.0000-9999.0000-9999.0000-9999.0000-9999.0000-9999.0000-9999.0000-9999.0000-9999.0000-9999.0000-9999.0000-9999.0000-9999.0000-9999.0000-9999.0000 -9999.0000-9999.0000-9999.0000-9999.0000-9999.0000-9999.0000-9999.0000-9999.0000-9999.0000-9999.0000-9999.0000 4.6424 4.6870 5.5107 9.0220 8.0057 6.9990 5.4924 10.9152 6.1028 6.4704 8.8321 5.9397 8.4453 8.3591 5.3861 5.5419 4.6255 5.6234 6.5691 6.2119 5.7130 4.4399 5.4262 5.8164 7.3199 11.6012 5.9372 7.4942 5.2418 7.7642 4.6582 6.3504 5.0291 6.0698 8.2706 7.5093 5.3582 6.2920 13.1142 16.6679 8.5501 9.2256 12.5174 6.9823 7.6052 7.9117 7.5321 7.6518 7.1850 6.5607 10.9460 14.7175 15.2131 5.9909 5.7473 6.4684
8.3984 7.6810 9.9187 14.7117 14.1080 14.2640 13.7311 7.8133 7.8379 7.0591 6.9168 7.1647 7.1198 6.8103 11.3886 14.6282 19.1385 7.3327 5.0732 4.5665 6.2143 7.5522 8.2506 8.0173 14.7372 6.8235 8.0140 8.6299 7.9422 7.7873 5.8177 9.3144 5.5902 5.2333 5.3605 6.1228 6.6961 8.1368 6.8066 5.6384 7.4336 5.8138 4.9317 4.6767 5.8762 6.7280 12.0397 10.9314 15.0486 6.1783 5.7878 4.4285 6.8899 10.9788 10.1494 11.4380 9.7277 6.1400 6.4130 4.4991 5.8123
6.3153 6.5161 7.8851 11.3755 17.1819 6.5771 4.5975 4.2145 5.7785 10.8272 5.5512 5.4045 6.0459 7.1543 8.2582 5.4404 4.3327 5.7098 5.8731 8.1353 7.5416 6.2688 10.2885 11.2261 4.9198 5.7499 11.6486 7.7659 5.4380 5.0364 5.1096 4.6494 5.0776 6.0724 7.1228 11.6493 11.2506 9.1676 6.8207 8.8602 8.4494 6.5566 6.9920 7.7281 7.9584 6.9027 6.0506 5.6243 6.5441 5.6730 5.3524 6.5291 7.9678-9999.0000-9999.0000 9.8223 11.1358 12.9907 9.3427 7.1606 7.1207 6.7403 4.9010
9.1631 6.7996 5.5515 4.4403 4.8474 5.6498 7.2560 7.9698 8.2634-9999.0000-9999.0000-9999.0000 11.4528 10.5620 6.8124 6.4695 5.3879 6.2831 6.9217 9.1147 9.2787 10.1682 9.2823 8.7468 8.4286 8.6302 9.7605 6.3518 4.6847 6.0014 5.8256 7.1122 9.3111 7.3780 5.7945 4.6035 4.9615 6.9923 6.4995-9999.0000-9999.0000-9999.0000-9999.0000-9999.0000-9999.0000-9999.0000-9999.0000-9999.0000-9999.0000-9999.0000-9999.0000-9999.0000-9999.0000-9999.0000-9999.0000-9999.0000-9999.0000-9999.0000-9999.0000-9999.0000-9999.0000-9999.0000-9999.0000-9999.0000-9999.0000-9999.0000-9999.0000-9999.0000 -9999.0000-9999.0000-9999.0000-9999.0000-9999.0000-9999.0000-9999.0000-9999.0000-9999.0000-9999.0000-9999.0000-9999.0000-9999.0000-9999.0000 5.0073 5.3542 6.8143 8.6116 10.2886 5.8528 8.6044 11.9823 11.0650 13.1713 9.6647 6.3877 6.4622 8.1091 6.0604 4.9383 5.0084 6.0321 8.7154 7.4352 8.8758 11.2308 5.3685 5.0227
9.9837 10.8994 13.8554 12.1201 12.5826 10.8542 8.4450 5.4846 4.1941 5.7745 6.9788 7.7414 5.2243 9.0684 7.6406 7.2511 5.4617 6.5897 8.1660 7.9711 9.9733 8.8455 11.3750 11.3693 10.0614 12.5520 10.5621 9.9160 10.7959 10.3290 5.1658 6.3743 6.9526 7.0158 8.0281 4.3850 6.0336 8.1658 7.8380 8.7795 12.3172 12.1354 12.0662 11.2866 13.6702 15.6899 13.5268 5.0255 7.7078 9.4343 9.5475 9.5598 9.7084 9.7406 5.9359 10.0311 5.0790 4.7711 5.6425 6.8418 6.2546
11.8496 10.5933 14.5570 12.0655 5.0346 7.1181 10.3529 9.3052 6.2914 5.4482 5.1529 4.8402 5.5654 9.7995 8.1810 7.5581 6.5730 4.8468 6.5490 8.4447 7.7677 6.0793 5.9989 6.5041 6.0084 7.9886 9.9101 10.4029 10.9089 9.2584 14.7266 15.5879 10.5751 6.6861 5.7891 8.1791 7.0457 6.2371 5.8091 8.2327 9.8202 6.7257 6.4834 5.8778 4.4946 4.4717 4.2852 6.0820 6.5754 7.7934 12.7124 8.0853 11.7117 8.3630 5.1249 7.0510 5.4737 5.4186 7.5977 9.0489 5.0255
7.2977 5.1349 4.3764 5.0907 7.4219 7.5587 6.1651 4.9709 5.1199 10.7288 13.7406 11.1128 7.8110 7.8747 6.1409 7.3910 6.5083 8.6266 7.1275 5.4826 6.2618 6.1476 12.2617 11.8478 10.0530 9.7737 8.7718 10.8256 11.2060 8.3388 5.8494 7.5115 8.7335 8.4339 8.7514 7.0159 7.7871 8.3267 10.1520 11.6965 9.4505 10.5918 12.8099 15.2473 11.4036 11.3593 8.0488 7.5298 7.2971 8.7507 6.9388 6.7497 7.0785 6.4134 6.6849 6.8969 5.9089 7.2503 7.5909 6.4205 6.6421
8.4737 11.0493 7.7388 14.6838 12.5418 8.4914 7.3290 5.7833 5.9668 7.4473 7.6405 5.9051 5.4527 5.1487 4.6827 5.5847 5.3269 5.0338 5.8983 5.2769 4.5352 4.4200 5.6738 6.0754 6.6807 11.3414 6.6586 5.4770 5.5760 5.4236 4.4963 7.0935 5.6127 6.1425-9999.0000-9999.0000-9999.0000-9999.0000-9999.0000-9999.0000-9999.0000-9999.0000-9999.0000-9999.0000-9999.0000-9999.0000-9999.0000-9999.0000-9999.0000-9999.0000-9999.0000-9999.0000-9999.0000-9999.0000-9999.0000-9999.0000-9999.0000-9999.0000 -9999.0000-9999.0000-9999.0000-9999.0000-9999.0000-9999.0000-9999.0000-9999.0000-9999.0000-9999.0000-9999.0000-9999.0000-9999.0000-9999.0000 5.0326 5.5993 6.2064 5.9656 7.7985 9.4216 12.9861 4.8132 3.9858 4.5283 5.0000 5.7018 5.0680 8.7897 6.3298 5.4117 7.0005 8.6083 6.8280 4.9723 5.9029 4.6798 6.8631 5.4876 7.1149 5.0472
7.0742 8.1029 9.1533 10.0002 9.5149 11.2151 10.6891 5.1384 4.4254 4.7516 6.1304 10.4129 5.4525 5.3469 10.2951 7.1179 4.4038 6.3466 7.3387 4.4196 4.9793 7.3238 8.5497 5.0180 4.5761 5.3477 5.8158 6.4435 8.6088 10.0256 9.3734 11.0289 5.2860 14.7836 8.8133 5.1126 5.3515 7.0500 8.8524 5.8447 6.6093 5.7547 9.4635 10.7259 9.0357 5.8933 9.4419 9.4451 9.4842 9.0447 8.2165 9.5261 10.0622 14.2249 7.3128 5.6607 4.7450 4.7766 4.1897 6.1278 5.9522
6.5447 5.7433 7.0660 8.5697 8.9424 9.9543 9.5000 9.5467 6.5582 10.1411 10.3537 11.3387 11.0878 10.3174 9.1668 10.0244 9.9937 9.0425 14.3761 9.1037 5.3234 5.7840 4.8006 5.2419 6.6583 5.8777 7.4287 6.9207 7.3484 9.1739 5.7785 4.6462 5.3241 6.5522 9.7437 11.2572 6.8290 12.4889 14.4833 8.1576 7.6604 8.7636 12.6360 15.8541 10.3567 9.3689 8.8823 8.9837 8.7147 7.1846 6.4966 4.6987 7.2676 8.1130 6.0632 6.2951 5.0845 4.5924 5.7606 9.9085 5.7124
6.8712 8.0779 8.4562 9.8241 12.4473 11.6846 12.9515 13.1432 16.0744 19.5338 7.4236 5.5722 5.1959 6.3161 6.0367 5.2355 4.2825 5.3653 8.8389 7.0661 6.6265 5.4277 4.7983 5.6125 6.2617 8.9044 5.7772 9.2719 9.6858 11.5320 7.8314 7.5922 13.6860 13.2804 13.1870 11.3504 10.8142 10.4611 11.2897 11.6218 13.2889 13.8035 12.9561 12.6199 12.4711 12.4547 13.6062 12.8882 12.1528 10.7023 9.6467 9.6745 8.4886 6.1833 5.6618 5.9363 5.2600 5.3055 5.9372 7.3259 9.2071
11.4394 11.3198 11.1424 11.2652 12.8705 13.0528 13.6195 13.5644 13.7628 13.3197 12.2269 11.9832 11.9525 10.4074 9.7675 9.0757 8.1998 5.6018 7.5165 5.4802 5.7520 4.7269 5.8546 5.8169 8.6299 11.5387 6.3615 6.3745 5.8894 4.9721 6.0470 10.0530 9.7871 8.5818 7.4978 7.3833 7.1455 9.8332 5.4005 5.3099 8.8857 6.4107 4.4984 5.8229 9.9031 6.8517 4.2826 5.7977 12.5197 6.1659 5.1082 4.4731 9.0153 7.6324 5.9514 4.9311 10.1680 6.9793 5.0395-9999.0000-9999.0000-9999.0000-9999.0000-9999.0000-9999.0000-9999.0000-9999.0000-9999.0000-9999.0000-9999.0000-9999.0000-9999.0000-9999.0000-9999.0000-9999.0000-9999.0000-9999.0000-9999.0000-9999.0000-9999.0000-9999.0000-9999.0000 -9999.0000-9999.0000-9999.0000-9999.0000-9999.0000-9999.0000-9999.0000-9999.0000-9999.0000-9999.0000-9999.0000-9999.0000-9999.0000 6.3232
9.3696 9.4911 9.0127 5.7064 9.8267 6.2746 4.8137 5.4475 9.1109 8.2142 5.1237 4.4818 10.5890 7.1673 5.6759 4.5145 5.7363 9.4368 6.4998 5.4974 5.0428 10.7695 5.5911 5.2326-9999.0000-9999.0000-9999.0000-9999.0000-9999.0000-9999.0000-9999.0000-9999.0000-9999.0000-9999.0000-9999.0000-9999.0000-9999.0000-9999.0000-9999.0000-9999.0000-9999.0000-9999.0000-9999.0000-9999.0000-9999.0000-9999.0000-9999.0000 -9999.0000-9999.0000-9999.0000-9999.0000-9999.0000-9999.0000-9999.0000-9999.0000-9999.0000-9999.0000-9999.0000-9999.0000-9999.0000-9999.0000-9999.0000-9999.0000 5.1703 4.3933 4.7556 5.3930 6.1174 5.6504 4.6077 5.4707 6.2157 7.8449 9.5327 8.9832 9.4204 8.7747 9.3732 8.8391 6.7040 8.1213 8.3476 6.3903 4.4512 4.9933 6.6274 10.8066 6.8559 5.2178 4.9204 4.4513 5.2567 6.7632 7.8137 6.7435 6.4147 5.6843 5.7508 6.1489
7.2490 8.3140 11.3293 9.0542 5.7471 5.2024 5.2503 5.1596 6.2842 10.5138 6.6170 5.3624 6.5707 6.9038 5.0997 5.2787 6.5753 7.8772 5.5385 5.3989 6.5439 8.3325 9.6753 7.2457 9.8971 9.9631 9.0442 9.1840 6.9922 9.4547 11.2653 8.7183 10.0175 5.5350 7.1552 8.3831 9.5680 10.4587 11.5464 11.5922 12.7914 12.0508 8.1383 8.6927 9.1472 10.1734 11.7064 10.9105 10.8950 11.8327 11.3034 7.8890 5.2123 6.3968 7.8479 8.5733 9.7292 9.6486 8.2481 5.3029 6.7789
13.6889 12.6591 10.1999 10.1969 10.5873 10.3681 11.4724 11.2203 11.7429 11.0021 7.8821 5.4889 7.9764 9.1605 8.8929 9.8977 10.0880 9.6384 7.8169 7.6266 8.6606 12.8483 14.9591 14.4598 12.9505 7.9785 6.6020 5.8936 6.4927 9.3802 9.2526 7.2291 6.7882 10.4244 8.8138 9.4088 10.2520 9.1419 8.9416 8.8881 10.2007 8.8796 10.0790 10.4477 9.7313 7.1641 9.9880 11.9794 11.3672 11.6104 13.6613 14.7073 14.7808 15.4275 13.0055 11.2826 10.7215 11.5214 11.8006 11.0248 10.2954
10.3283 10.0746 9.9234 11.5287 10.7905 10.4011 12.1943 11.8163 11.3317 13.2435 15.2528 14.5338 13.9947 11.2574 10.4922 10.1410 10.3522 11.5138 9.1052 9.7972 7.5513 5.7595 4.9982 5.7946 10.6662 9.5396 11.3780 11.3414 7.3835 7.0129 6.1054 5.7610 5.2451 7.0598 8.3344 5.7813 5.5606 6.6817 8.0304 5.9871 5.3685 5.8457 8.0154 8.3260 4.3925 6.5046 16.3135 6.9786 7.1811 5.8138 10.5577 7.0232 5.5051 4.8667 5.5682 11.5755 9.0398 5.5320 6.3698 6.7231 11.8441
7.7799 4.6375 5.2600 5.0701 9.8513 10.6082 8.7266 8.8018 10.6969 7.1814 6.2806 5.0896 5.8582 10.8920 6.9736 10.0437 11.2058 12.7750 6.2889 4.4960 10.6429 8.9116 5.6476 6.0749-9999.0000-9999.0000-9999.0000-9999.0000-9999.0000-9999.0000-9999.0000-9999.0000-9999.0000-9999.0000-9999.0000-9999.0000-9999.0000-9999.0000-9999.0000-9999.0000-9999.0000-9999.0000-9999.0000-9999.0000-9999.0000-9999.0000-9999.0000-9999.0000-9999.0000 -9999.0000-9999.0000-9999.0000-9999.0000-9999.0000-9999.0000-9999.0000-9999.0000-9999.0000-9999.0000-9999.0000-9999.0000-9999.0000-9999.0000-9999.0000-9999.0000-9999.0000-9999.0000 6.8815 7.7809 7.9533 9.5536 9.9303 10.4700 10.9998 10.1678 9.0527 5.8315 4.9097 4.1678 5.7311 5.9753 6.1984 5.8261 8.3286 8.1838 6.0169 5.5546 4.8498 11.3256 6.3050 6.0672 5.8527 7.2028 7.1872 5.0376 6.8018 7.9384 5.2539 4.8108 6.0106 5.5006 6.2883 6.8672
6.0144 8.9395 8.7071 5.8740 10.5158 5.6355 7.2046 6.7384 9.0486 7.5452 5.8312 5.7309 8.0740 6.1873 4.8839 4.3800 4.7119 5.9666 6.5550 7.5354 7.3738 6.9787 7.1413 6.7746 5.4231 5.9544 5.4501 6.5963 7.4795 8.9205 7.4644 8.2958 5.7404 6.7395 10.6157 7.0333 6.7438 9.0533 8.3728 6.2220 13.2762 13.7380 14.6615 14.3795 15.4175 15.0352 13.7915 14.7896 9.7535 10.6617 10.7200 13.2246 10.9765 11.7606 11.4839 13.3915 12.2587 10.2669 10.1175 10.3148 11.4756
