DTVGM_day/TopIndex/map.txt
ncols	203
nrows	150
xllcorner	946216.687500
yllcorner	4394712.000000
cellsize	100
NODATA_value	-9999.000000
[rows 68 to 101 of 150, columns 0 to 76 of 203]
-9999.00 -9999.00 -9999.00 -9999.00 -9999.00 -9999.00 -9999.00 -9999.00 -9999.00 -9999.00 -9999.00 -9999.00 -9999.00 -9999.00 5.03 5.06 5.39 6.93 8.45 7.36 6.59 6.61 4.72 6.56 7.08 9.48 6.76 5.46 5.24 5.44 6.48 5.43 4.84 7.09 6.04 7.19 4.82 6.37 5.84 6.37 5.41 4.41 5.43 5.60 7.22 9.67 10.23 10.63 8.77 12.48 6.81 7.82 4.75 5.43 8.56 6.78 6.79 7.18 7.86 8.85 10.27 10.01 8.23 10.94 12.20 11.98 13.23 9.29 5.29 7.70 12.58 9.57 8.86 7.67 6.95 5.49 4.61
-9999.00 -9999.00 -9999.00 -9999.00 -9999.00 -9999.00 -9999.00 -9999.00 -9999.00 -9999.00 -9999.00 -9999.00 -9999.00 -9999.00 -9999.00 4.72 4.97 6.05 5.37 4.93 5.07 6.00 4.42 5.42 5.00 6.36 7.73 7.82 5.54 6.53 6.67 6.80 5.70 4.61 4.93 5.73 4.76 5.75 4.46 4.81 6.71 8.11 10.05 8.97 9.20 6.22 7.00 6.24 11.26 10.41 5.92 7.15 5.27 5.84 6.95 7.03 5.46 6.55 6.62 8.85 9.21 9.58 9.66 8.70 9.80 11.45 10.75 12.88 15.39 8.16 14.91 6.72 8.10 8.48 7.53 6.87 5.93
-9999.00 -9999.00 -9999.00 -9999.00 -9999.00 -9999.00 -9999.00 -9999.00 -9999.00 -9999.00 -9999.00 -9999.00 -9999.00 -9999.00 5.03 5.60 6.21 5.97 7.80 9.42 12.99 4.81 3.99 4.53 5.00 5.70 5.07 8.79 6.33 5.41 7.00 8.61 6.83 4.97 5.90 4.68 6.86 5.49 7.11 5.05 5.88 7.02 6.64 5.96 5.45 6.70 5.62 11.01 6.21 9.71 6.01 6.28 4.92 6.65 6.62 8.81 9.82 10.73 10.20 5.60 8.80 9.03 9.27 9.57 9.11 7.72 7.82 9.12 12.41 12.92 10.37 6.01 6.28 6.18 6.21 4.69 4.78
-9999.00 -9999.00 -9999.00 -9999.00 -9999.00 -9999.00 -9999.00 -9999.00 -9999.00 -9999.00 -9999.00 -9999.00 -9999.00 -9999.00 6.40 6.10 7.07 8.10 9.15 10.00 9.51 11.22 10.69 5.14 4.43 4.75 6.13 10.41 5.45 5.35 10.30 7.12 4.40 6.35 7.34 4.42 4.98 7.32 8.55 5.02 4.58 5.35 5.82 6.44 8.61 10.03 9.37 11.03 5.29 14.78 8.81 5.11 5.35 7.05 8.85 5.84 6.61 5.75 9.46 10.73 9.04 5.89 9.44 9.45 9.48 9.04 8.22 9.53 10.06 14.22 7.31 5.66 4.74 4.78 4.19 6.13 5.95
-9999.00 -9999.00 -9999.00 -9999.00 -9999.00 -9999.00 -9999.00 -9999.00 -9999.00 -9999.00 -9999.00 -9999.00 -9999.00 5.09 8.77 8.88 9.66 8.90 9.62 6.34 4.77 4.95 9.80 9.04 4.63 6.60 6.53 7.23 9.91 8.03 7.01 4.62 6.18 8.53 6.22 5.03 5.67 5.80 8.51 7.41 5.17 4.59 5.92 7.77 5.04 8.86 5.90 6.49 9.42 9.97 5.31 6.54 5.74 7.07 8.57 8.94 9.95 9.50 9.55 6.56 10.14 10.35 11.34 11.09 10.32 9.17 10.02 9.99 9.04 14.38 9.10 5.32 5.78 4.80 5.24 6.66 5.88
-9999.00 -9999.00 -9999.00 -9999.00 -9999.00 -9999.00 -9999.00 -9999.00 -9999.00 -9999.00 -9999.00 -9999.00 -9999.00 7.35 7.23 5.96 6.90 7.37 7.66 4.71 5.09 7.16 6.98 11.33 8.42 3.81 5.75 5.98 11.14 11.06 5.32 5.91 7.55 8.60 5.29 4.40 6.67 7.88 9.30 9.27 5.55 5.08 6.15 5.66 9.30 6.01 6.19 6.93 8.83 9.68 7.13 5.80 6.05 6.44 6.71 6.65 6.81 6.69 6.88 9.00 7.57 7.82 10.60 11.61 12.27 10.10 11.85 12.38 11.14 9.91 14.08 7.24 6.21 5.98 6.84 7.86 8.45
-9999.00 -9999.00 -9999.00 -9999.00 -9999.00 -9999.00 -9999.00 -9999.00 -9999.00 -9999.00 -9999.00 -9999.00 -9999.00 6.99 4.99 6.80 6.37 7.85 5.38 4.82 6.38 5.35 5.04 6.74 11.35 7.06 4.85 5.76 7.09 10.38 9.52 5.81 9.55 5.56 4.40 6.36 4.72 4.69 5.73 10.36 6.54 5.87 4.51 7.22 6.15 6.30 5.00 6.62 8.58 7.80 8.78 4.76 7.26 5.26 6.57 6.05 5.93 6.68 7.51 7.57 10.88 11.34 9.05 11.90 12.91 12.97 12.23 11.43 12.05 11.45 11.94 7.88 4.29 5.99 8.31 7.84 8.86
-9999.00 -9999.00 -9999.00 -9999.00 -9999.00 -9999.00 -9999.00 -9999.00 -9999.00 -9999.00 -9999.00 -9999.00 -9999.00 6.32 5.11 6.22 7.24 6.06 4.75 5.58 5.16 6.33 7.44 6.52 5.37 10.86 8.66 9.22 9.45 11.25 10.09 8.48 5.16 6.37 5.63 8.27 5.71 7.01 6.31 6.63 10.70 6.47 5.49 5.85 4.63 6.00 8.42 9.58 5.74 7.75 5.58 7.69 7.40 7.23 6.75 7.47 10.05 9.92 10.32 11.14 10.24 9.26 11.22 12.71 9.88 12.21 11.92 12.86 11.74 11.49 12.24 6.81 5.23 6.95 9.37 9.42 10.87
-9999.00 -9999.00 -9999.00 -9999.00 -9999.00 -9999.00 -9999.00 -9999.00 -9999.00 -9999.00 -9999.00 -9999.00 -9999.00 -9999.00 -9999.00 -9999.00 5.17 4.39 4.76 5.39 6.12 5.65 4.61 5.47 6.22 7.84 9.53 8.98 9.42 8.77 9.37 8.84 6.70 8.12 8.35 6.39 4.45 4.99 6.63 10.81 6.86 5.22 4.92 4.45 5.26 6.76 7.81 6.74 6.41 5.68 5.75 6.15 7.33 9.69 8.49 9.59 9.89 9.97 10.24 9.91 8.62 12.85 11.77 6.94 6.18 9.42 11.53 11.38 11.50 11.21 13.12 7.11 6.19 7.74 9.17 10.25 11.24
-9999.00 -9999.00 -9999.00 -9999.00 -9999.00 -9999.00 -9999.00 -9999.00 -9999.00 -9999.00 -9999.00 -9999.00 -9999.00 -9999.00 -9999.00 -9999.00 -9999.00 4.82 5.11 5.67 6.45 7.85 6.87 5.36 6.23 10.44 4.43 7.19 7.86 6.09 7.25 8.31 11.33 9.05 5.75 5.20 5.25 5.16 6.28 10.51 6.62 5.36 6.57 6.90 5.10 5.28 6.58 7.88 5.54 5.40 6.54 8.33 9.68 7.25 9.90 9.96 9.04 9.18 6.99 9.45 11.27 8.72 10.02 5.53 7.16 8.38 9.57 10.46 11.55 11.59 12.79 12.05 8.14 8.69 9.15 10.17 11.71
-9999.00 -9999.00 -9999.00 -9999.00 -9999.00 -9999.00 -9999.00 -9999.00 -9999.00 -9999.00 -9999.00 -9999.00 -9999.00 -9999.00 -9999.00 -9999.00 -9999.00 -9999.00 5.63 5.28 5.16 5.52 7.94 7.91 5.02 7.40 10.10 4.67 5.41 6.54 6.47 6.62 6.92 9.04 6.67 6.74 5.89 6.47 6.59 10.42 10.21 8.81 7.83 6.00 6.10 4.39 5.20 6.06 4.83 6.19 7.91 6.98 6.61 9.57 6.61 6.76 10.93 6.47 8.40 9.98 10.20 9.83 7.79 6.63 7.32 7.97 9.57 10.65 10.91 11.60 13.15 13.69 12.66 10.20 10.20 10.59 10.37
-9999.00 -9999.00 -9999.00 -9999.00 -9999.00 -9999.00 -9999.00 -9999.00 -9999.00 -9999.00 -9999.00 -9999.00 -9999.00 -9999.00 -9999.00 -9999.00 -9999.00 -9999.00 5.52 5.60 5.73 5.66 5.30 7.63 7.81 6.31 8.57 5.86 4.62 5.06 6.02 6.63 7.54 12.51 8.14 7.10 5.03 4.28 5.75 13.14 6.35 4.70 4.91 4.82 5.77 4.71 4.32 4.70 5.01 6.41 7.10 7.30 9.68 5.97 6.76 8.65 6.71 9.32 10.06 11.56 6.36 8.58 6.91 6.02 8.17 9.74 8.78 10.04 11.05 11.51 11.43 12.43 12.37 11.73 11.82 10.42 10.43
-9999.00 -9999.00 -9999.00 -9999.00 -9999.00 -9999.00 -9999.00 -9999.00 -9999.00 -9999.00 -9999.00 -9999.00 -9999.00 -9999.00 -9999.00 -9999.00 -9999.00 -9999.00 5.77 6.11 5.95 6.95 6.74 7.00 7.51 8.00 8.20 6.98 4.60 4.63 5.39 6.64 6.67 8.05 10.30 6.69 4.63 5.08 4.45 11.62 6.20 5.14 6.47 6.56 6.71 5.75 4.77 6.49 4.52 5.44 6.79 6.95 7.50 6.81 8.45 6.30 9.12 8.68 9.18 7.86 6.21 8.05 5.67 6.44 6.58 6.70 8.76 9.10 9.20 9.26 11.09 10.97 13.57 12.00 12.64 10.35 10.47
-9999.00 -9999.00 -9999.00 -9999.00 -9999.00 -9999.00 -9999.00 -9999.00 -9999.00 -9999.00 -9999.00 -9999.00 -9999.00 -9999.00 -9999.00 -9999.00 -9999.00 -9999.00 6.88 7.78 7.95 9.55 9.93 10.47 11.00 10.17 9.05 5.83 4.91 4.17 5.73 5.98 6.20 5.83 8.33 8.18 6.02 5.55 4.85 11.33 6.31 6.07 5.85 7.20 7.19 5.04 6.80 7.94 5.25 4.81 6.01 5.50 6.29 6.87 6.10 9.51 5.29 7.39 7.99 6.48 5.64 7.51 6.09 7.36 8.09 12.93 6.01 8.07 7.35 7.31 9.51 10.10 12.63 13.55 18.69 14.32 12.97
-9999.00 -9999.00 -9999.00 -9999.00 -9999.00 -9999.00 -9999.00 -9999.00 -9999.00 -9999.00 -9999.00 -9999.00 -9999.00 -9999.00 -9999.00 -9999.00 -9999.00 -9999.00 5.97 6.48 8.40 8.71 5.33 6.68 7.12 6.34 10.42 6.39 5.49 4.59 4.65 4.44 4.67 5.16 5.45 6.01 8.94 8.71 5.87 10.52 5.64 7.20 6.74 9.05 7.55 5.83 5.73 8.07 6.19 4.88 4.38 4.71 5.97 6.55 7.54 7.37 6.98 7.14 6.77 5.42 5.95 5.45 6.60 7.48 8.92 7.46 8.30 5.74 6.74 10.62 7.03 6.74 9.05 8.37 6.22 13.28 13.74
-9999.00 -9999.00 -9999.00 -9999.00 -9999.00 -9999.00 -9999.00 -9999.00 -9999.00 -9999.00 -9999.00 -9999.00 -9999.00 -9999.00 -9999.00 -9999.00 -9999.00 -9999.00 5.01 4.88 6.62 5.52 4.76 5.78 5.11 5.42 7.74 12.25 5.82 4.62 5.23 5.63 5.16 5.56 4.86 5.72 6.52 8.97 11.38 9.87 8.46 6.08 8.97 7.88 4.35 6.96 6.70 8.85 5.44 6.50 4.55 6.50 6.17 4.33 4.90 5.54 5.71 5.24 4.62 5.95 5.71 5.88 7.46 5.23 6.40 5.07 5.61 7.40 8.85 5.71 5.68 4.83 8.48 5.77 5.57 6.70 7.74
-9999.00 -9999.00 -9999.00 -9999.00 -9999.00 -9999.00 -9999.00 -9999.00 -9999.00 -9999.00 -9999.00 -9999.00 -9999.00 -9999.00 -9999.00 -9999.00 -9999.00 -9999.00 6.03 6.49 5.07 4.85 4.93 4.62 5.03 4.82 5.40 8.62 6.60 4.82 5.58 6.94 6.28 5.85 4.45 5.09 4.95 5.51 6.56 6.54 10.37 9.83 10.02 4.62 6.25 10.60 8.02 5.17 6.59 7.30 4.66 4.85 7.50 7.05 5.41 4.82 4.85 6.37 7.59 8.99 5.95 6.43 8.35 5.35 7.27 6.51 6.86 6.35 6.88 5.75 7.43 6.45 5.91 5.73 5.26 5.36 5.07
-9999.00 -9999.00 -9999.00 -9999.00 -9999.00 -9999.00 -9999.00 -9999.00 -9999.00 -9999.00 -9999.00 -9999.00 -9999.00 -9999.00 -9999.00 -9999.00 -9999.00 -9999.00 -9999.00 7.85 8.13 5.42 4.85 6.59 5.12 5.85 5.36 8.16 7.68 5.61 5.85 6.76 7.49 6.31 5.81 6.88 4.57 5.20 5.48 5.69 6.80 8.21 13.15 6.03 6.03 10.19 4.19 6.33 8.09 5.87 5.88 5.82 6.35 7.97 7.13 5.25 7.05 6.20 5.81 7.00 9.51 9.50 8.91 5.35 8.19 6.53 6.95 6.83 6.90 11.48 14.45 13.50 11.26 6.40 6.41 6.84 7.20
-9999.00 -9999.00 -9999.00 -9999.00 -9999.00 -9999.00 -9999.00 -9999.00 -9999.00 -9999.00 -9999.00 -9999.00 -9999.00 -9999.00 -9999.00 -9999.00 -9999.00 -9999.00 -9999.00 4.81 9.57 6.04 4.77 5.91 7.86 5.55 5.90 6.08 8.03 10.55 9.02 9.88 11.17 5.67 5.91 7.44 4.92 5.58 6.58 7.16 8.11 7.76 9.17 8.26 4.75 9.18 5.39 8.63 8.02 5.44 5.79 8.10 5.49 8.74 9.18 4.81 5.62 7.62 8.32 6.94 5.31 7.77 9.93 6.47 6.38 8.26 11.26 10.99 14.92 16.02 7.63 17.13 14.08 14.58 21.84 9.07 5.98
-9999.00 -9999.00 -9999.00 -9999.00 -9999.00 -9999.00 -9999.00 -9999.00 -9999.00 -9999.00 -9999.00 -9999.00 -9999.00 -9999.00 -9999.00 -9999.00 -9999.00 -9999.00 -9999.00 4.75 5.36 9.68 5.59 5.46 6.18 8.56 5.67 6.73 8.36 8.20 9.52 10.29 8.97 8.89 8.43 6.55 5.77 5.81 6.27 6.26 4.92 4.77 5.25 7.42 6.66 8.26 8.49 8.81 4.56 7.02 5.66 8.48 6.02 10.41 5.06 5.54 4.68 5.80 7.09 9.58 6.52 5.67 8.62 10.05 13.76 13.81 15.93 15.30 9.63 6.30 6.53 8.86 13.52 12.96 14.20 14.91 15.15
-9999.00 -9999.00 -9999.00 -9999.00 -9999.00 -9999.00 -9999.00 -9999.00 -9999.00 -9999.00 -9999.00 -9999.00 -9999.00 -9999.00 -9999.00 -9999.00 -9999.00 -9999.00 6.73 7.87 7.02 5.52 10.79 5.77 6.18 7.50 5.17 6.39 6.38 7.06 5.46 5.05 5.33 5.39 9.39 7.53 6.52 5.42 5.64 6.26 7.66 12.05 11.81 9.29 9.30 20.67 9.39 10.87 6.19 6.73 4.61 7.95 6.35 8.86 5.05 6.25 5.58 6.20 6.66 7.85 7.25 6.39 6.47 14.13 13.18 11.32 11.12 8.51 7.78 6.34 7.40 7.82 9.68 10.39 9.38 10.40 6.13
-9999.00 -9999.00 -9999.00 -9999.00 -9999.00 -9999.00 -9999.00 -9999.00 -9999.00 -9999.00 -9999.00 -9999.00 -9999.00 -9999.00 -9999.00 -9999.00 -9999.00 -9999.00 -9999.00 5.00 7.49 8.25 6.86 10.15 7.56 7.36 4.72 4.64 5.21 6.37 4.76 4.70 5.68 7.01 7.85 8.99 7.80 5.84 6.31 5.77 14.77 6.58 5.63 6.01 5.96 5.40 5.07 14.13 7.75 5.95 6.90 7.52 9.24 8.15 6.96 6.12 6.69 5.63 7.22 12.95 16.29 14.46 13.58 12.68 6.99 6.61 8.23 7.17 7.82 5.81 6.43 7.23 10.39 10.39 8.63 8.39 10.99
-9999.00 -9999.00 -9999.00 -9999.00 -9999.00 -9999.00 -9999.00 -9999.00 -9999.00 -9999.00 -9999.00 -9999.00 -9999.00 -9999.00 -9999.00 -9999.00 -9999.00 -9999.00 -9999.00 -9999.00 5.14 5.78 7.93 8.07 10.38 14.18 5.77 6.49 5.18 5.37 5.70 5.79 5.50 5.65 6.38 5.48 6.31 7.72 9.95 10.24 11.09 5.39 6.99 5.16 4.62 5.20 5.44 9.80 6.94 13.89 12.08 6.60 12.56 14.06 8.03 7.28 6.67 6.19 17.08 7.92 8.71 9.09 10.05 7.28 6.82 6.35 6.73 8.80 7.97 5.94 7.70 10.57 8.64 8.61 8.99 8.62 10.64
-9999.00 -9999.00 -9999.00 -9999.00 -9999.00 -9999.00 -9999.00 -9999.00 -9999.00 -9999.00 -9999.00 -9999.00 -9999.00 -9999.00 -9999.00 -9999.00 -9999.00 -9999.00 -9999.00 -9999.00 -9999.00 6.33 7.68 9.22 11.27 9.47 7.37 6.08 5.37 7.56 5.78 6.16 8.62 4.81 5.00 4.35 4.72 5.16 12.21 7.16 7.87 5.53 6.04 4.82 4.79 4.96 5.60 8.02 11.45 8.11 7.25 13.19 6.21 8.86 13.45 15.12 12.59 13.81 11.36 6.69 8.84 7.61 7.91 7.43 6.03 6.44 5.73 5.59 8.99 7.64 10.73 6.51 8.17 9.09 8.70 10.51 10.08
-9999.00 -9999.00 -9999.00 -9999.00 -9999.00 -9999.00 -9999.00 -9999.00 -9999.00 -9999.00 -9999.00 -9999.00 -9999.00 -9999.00 -9999.00 -9999.00 -9999.00 -9999.00 -9999.00 -9999.00 -9999.00 -9999.00 -9999.00 4.95 6.69 11.60 9.36 5.14 4.85 9.07 6.16 4.65 5.94 8.16 5.98 7.43 6.77 10.24 18.02 6.11 5.71 8.94 5.15 4.56 5.93 6.53 6.95 9.55 6.12 7.94 7.68 7.91 5.38 7.86 5.65 6.64 7.33 8.99 8.48 8.10 9.37 7.77 6.60 7.63 6.06 5.93 5.67 9.94 6.97 10.22 7.15 6.83 9.77 9.06 8.97 10.60 7.94
-9999.00 -9999.00 -9999.00 -9999.00 -9999.00 -9999.00 -9999.00 -9999.00 -9999.00 -9999.00 -9999.00 -9999.00 -9999.00 -9999.00 -9999.00 -9999.00 -9999.00 -9999.00 -9999.00 -9999.00 -9999.00 -9999.00 -9999.00 6.77 7.25 11.07 13.22 6.64 4.89 8.68 4.79 6.43 5.47 8.15 8.18 7.78 9.35 7.20 6.93 6.41 4.91 8.94 5.79 4.31 5.80 7.48 6.83 8.91 5.13 7.55 5.63 8.63 5.09 8.14 4.72 8.24 6.54 7.95 8.59 8.03 6.32 10.65 8.67 4.83 4.93 4.94 8.00 8.25 7.90 8.24 6.02 6.29 10.03 8.09 9.15 9.68 10.79
-9999.00 -9999.00 -9999.00 -9999.00 -9999.00 -9999.00 -9999.00 -9999.00 -9999.00 -9999.00 -9999.00 -9999.00 -9999.00 -9999.00 -9999.00 -9999.00 -9999.00 -9999.00 -9999.00 -9999.00 -9999.00 -9999.00 -9999.00 4.99 4.88 5.37 8.97 10.58 4.70 8.01 6.80 7.26 8.42 11.57 7.31 6.08 4.81 6.93 4.72 6.32 5.15 5.95 5.22 4.32 5.28 6.00 6.76 8.16 8.66 7.27 6.24 8.31 5.55 7.87 5.25 7.75 4.93 6.62 8.79 8.28 7.26 6.26 10.18 8.07 5.46 4.85 8.07 6.51 10.44 6.00 6.54 9.94 8.59 6.44 8.54 8.49 9.79
-9999.00 -9999.00 -9999.00 -9999.00 -9999.00 -9999.00 -9999.00 -9999.00 -9999.00 -9999.00 -9999.00 -9999.00 -9999.00 -9999.00 -9999.00 -9999.00 -9999.00 -9999.00 -9999.00 -9999.00 -9999.00 -9999.00 -9999.00 5.81 7.30 7.41 5.21 9.32 8.74 11.80 12.34 10.18 5.82 5.85 5.30 7.04 5.87 5.06 -9999.00 -9999.00 -9999.00 -9999.00 -9999.00 -9999.00 5.21 5.85 7.34 7.80 5.42 6.64 5.84 6.61 5.42 6.00 6.09 7.08 5.05 9.04 6.71 6.16 7.62 5.28 9.61 8.67 8.37 4.67 8.88 6.64 8.40 5.80 7.50 8.13 8.97 6.35 6.55 9.46 8.24
-9999.00 -9999.00 -9999.00 -9999.00 -9999.00 -9999.00 -9999.00 -9999.00 -9999.00 -9999.00 -9999.00 -9999.00 -9999.00 -9999.00 -9999.00 -9999.00 -9999.00 -9999.00 -9999.00 -9999.00 -9999.00 -9999.00 -9999.00 6.79 8.25 8.87 9.28 7.08 5.22 6.60 6.83 4.93 5.23 -9999.00 5.40 -9999.00 -9999.00 -9999.00 -9999.00 -9999.00 -9999.00 -9999.00 -9999.00 -9999.00 -9999.00 -9999.00 4.95 5.93 4.70 5.43 5.39 5.19 5.43 4.19 5.14 4.92 6.37 9.00 6.85 5.62 8.77 5.14 6.95 8.18 8.61 4.84 8.64 6.11 6.89 5.50 6.43 7.15 8.95 5.27 6.20 10.25 8.13
-9999.00 -9999.00 -9999.00 -9999.00 -9999.00 -9999.00 -9999.00 -9999.00 -9999.00 -9999.00 -9999.00 -9999.00 -9999.00 -9999.00 -9999.00 -9999.00 -9999.00 -9999.00 -9999.00 -9999.00 -9999.00 -9999.00 -9999.00 -9999.00 -9999.00 -9999.00 -9999.00 -9999.00 -9999.00 -9999.00 -9999.00 -9999.00 -9999.00 -9999.00 -9999.00 -9999.00 -9999.00 -9999.00 -9999.00 -9999.00 -9999.00 -9999.00 -9999.00 -9999.00 -9999.00 -9999.00 -9999.00 -9999.00 -9999.00 -9999.00 -9999.00 -9999.00 -9999.00 -9999.00 -9999.00 5.02 5.71 7.03 5.17 7.22 7.16 6.20 6.31 8.45 8.14 5.34 7.26 7.49 4.65 6.32 7.65 8.66 6.56 7.22 9.27 8.31 6.46
-9999.00 -9999.00 -9999.00 -9999.00 -9999.00 -9999.00 -9999.00 -9999.00 -9999.00 -9999.00 -9999.00 -9999.00 -9999.00 -9999.00 -9999.00 -9999.00 -9999.00 -9999.00 -9999.00 -9999.00 -9999.00 -9999.00 -9999.00 -9999.00 -9999.00 -9999.00 -9999.00 -9999.00 -9999.00 -9999.00 -9999.00 -9999.00 -9999.00 -9999.00 -9999.00 -9999.00 -9999.00 -9999.00 -9999.00 -9999.00 -9999.00 -9999.00 -9999.00 -9999.00 -9999.00 -9999.00 -9999.00 -9999.00 -9999.00 -9999.00 -9999.00 -9999.00 -9999.00 -9999.00 -9999.00 -9999.00 -9999.00 5.17 6.65 5.37 7.51 4.70 7.27 7.18 8.01 5.73 6.54 6.40 5.60 7.05 6.83 7.62 5.42 7.42 8.38 6.51 6.34
-9999.00 -9999.00 -9999.00 -9999.00 -9999.00 -9999.00 -9999.00 -9999.00 -9999.00 -9999.00 -9999.00 -9999.00 -9999.00 -9999.00 -9999.00 -9999.00 -9999.00 -9999.00 -9999.00 -9999.00 -9999.00 -9999.00 -9999.00 -9999.00 -9999.00 -9999.00 -9999.00 -9999.00 -9999.00 -9999.00 -9999.00 -9999.00 -9999.00 -9999.00 -9999.00 -9999.00 -9999.00 -9999.00 -9999.00 -9999.00 -9999.00 -9999.00 -9999.00 -9999.00 -9999.00 -9999.00 -9999.00 -9999.00 -9999.00 -9999.00 -9999.00 -9999.00 -9999.00 -9999.00 -9999.00 -9999.00 -9999.00 -9999.00 -9999.00 5.58 6.69 4.79 6.56 6.34 6.22 5.70 6.21 5.14 5.39 4.92 6.30 5.92 5.30 7.14 6.94 7.49 6.00
-9999.00 -9999.00 -9999.00 -9999.00 -9999.00 -9999.00 -9999.00 -9999.00 -9999.00 -9999.00 -9999.00 -9999.00 -9999.00 -9999.00 -9999.00 -9999.00 -9999.00 -9999.00 -9999.00 -9999.00 -9999.00 -9999.00 -9999.00 -9999.00 -9999.00 -9999.00 -9999.00 -9999.00 -9999.00 -9999.00 -9999.00 -9999.00 -9999.00 -9999.00 -9999.00 -9999.00 -9999.00 -9999.00 -9999.00 -9999.00 -9999.00 -9999.00 -9999.00 -9999.00 -9999.00 -9999.00 -9999.00 -9999.00 -9999.00 -9999.00 -9999.00 -9999.00 -9999.00 -9999.00 -9999.00 -9999.00 -9999.00 -9999.00 -9999.00 -9999.00 -9999.00 -9999.00 5.58 5.00 5.05 5.23 4.75 -9999.00 -9999.00 -9999.00 5.09 4.64 5.43 5.88 5.20 5.39 5.30
-9999.00 -9999.00 -9999.00 -9999.00 -9999.00 -9999.00 -9999.00 -9999.00 -9999.00 -9999.00 -9999.00 -9999.00 -9999.00 -9999.00 -9999.00 -9999.00 -9999.00 -9999.00 -9999.00 -9999.00 -9999.00 -9999.00 -9999.00 -9999.00 -9999.00 -9999.00 -9999.00 -9999.00 -9999.00 -9999.00 -9999.00 -9999.00 -9999.00 -9999.00 -9999.00 -9999.00 -9999.00 -9999.00 -9999.00 -9999.00 -9999.00 -9999.00 -9999.00 -9999.00 -9999.00 -9999.00 -9999.00 -9999.00 -9999.00 -9999.00 -9999.00 -9999.00 -9999.00 -9999.00 -9999.00 -9999.00 -9999.00 -9999.00 -9999.00 -9999.00 -9999.00 -9999.00 -9999.00 -9999.00 -9999.00 -9999.00 -9999.00 -9999.00 -9999.00 -9999.00 -9999.00 -9999.00 -9999.00 -9999.00 -9999.00 -9999.00 -9999.00
