DTVGM_day/TopIndex/map.asc
ncols	203
nrows	150
xllcorner	946216.687500
yllcorner	4394712.000000
cellsize	100
NODATA_value	-9999.000000
[rows 27 to 53 of 77, columns 122 to 182 of 203]
9.1412 5.3372 7.0940 6.3243 7.0459 5.5449 11.7004 7.2728 7.7819 8.1091 8.3968 4.9603 5.7295 7.7606 6.3108 6.0467 5.0957 5.6121 10.2792 13.8934 6.0779 4.3791 8.0731 8.2129 6.6438 5.6222 6.6187 5.2817 4.4023 4.4392 7.3732 6.6910 5.6423 9.8905 6.7187 8.2850 5.7650 4.8822 4.1420 5.9858 4.9209 4.6166 5.1670 6.6480 4.5434 6.3039 7.5811 5.7535 5.7602 8.3394 7.7757 7.6721 8.2878 9.3946 8.4140 8.3291 12.5823 15.1071 12.3132 7.5633 9.9284
5.5704 6.6970 7.4883 7.3022 6.7115 6.4647 9.1172 8.5693 8.3755 7.5718 7.5383 8.2593 11.1989 10.3788 12.8321 11.1133 7.9339 9.4675 10.2420 7.3155 7.5668 6.1495 5.0049 6.0043 6.1083 11.8897 11.4375 7.3834 7.3764 5.9317 5.9329 10.1187 7.4425 7.3586 6.3429 9.4471 8.8445 10.3492 7.2255 5.5937 6.2817 5.9248-9999.0000-9999.0000-9999.0000-9999.0000-9999.0000-9999.0000-9999.0000-9999.0000-9999.0000-9999.0000-9999.0000-9999.0000-9999.0000-9999.0000-9999.0000-9999.0000-9999.0000-9999.0000-9999.0000-9999.0000-9999.0000-9999.0000-9999.0000-9999.0000-9999.0000-9999.0000-9999.0000-9999.0000-9999.0000-9999.0000-9999.0000-9999.0000-9999.0000-9999.0000 -9999.0000-9999.0000-9999.0000-9999.0000-9999.0000-9999.0000-9999.0000-9999.0000-9999.0000-9999.0000-9999.0000-9999.0000 5.2681 6.0360 4.5254 5.4211 5.0823 6.3856 4.6741 4.6762 4.7880 6.3087 6.7554 7.4461 6.6496 5.0425 5.2149 5.3466 4.7967 5.6083
6.4292 6.0611 6.0723 5.9241 6.8731 5.3955 7.7111 5.1522 5.0725 6.0416 6.2369 5.7736 6.3753 5.1008 4.4469 6.2625 8.2329 8.5147 9.2105 8.7033 5.4991 4.2172 4.4293 4.8342 5.8977 6.7747 12.8917 10.8020 10.4796 11.0448 9.5177 10.3281 10.0128 14.2848 8.8629 7.4765 5.3041 5.0913 6.4168 7.5553 5.9782 5.9255 6.5192 6.4695 7.6183 9.0493 13.8620 8.9223 10.0986 9.8912 6.2416 5.1813 6.7304 6.3420 8.2626 7.7069 7.1555 6.4144 6.4575 6.4458 5.7453
4.5480 6.4217 8.2401 8.2382 12.1747 15.4673 11.8609 10.2512 9.9252 5.3350 4.8645 5.7889 6.1476 4.8076 5.3374 4.9072 5.4182 4.9374 5.3716 5.7138 6.3761 7.0125 11.2857 4.8222 11.2603 9.8560 11.8140 9.5739 8.5524 4.6362 7.7765 5.3738 6.0636 6.0607 9.9273 6.5363 6.4216 6.2913 8.5995 5.6890 10.7791 11.4193 5.1737 7.2267 13.8774 10.2982 7.5389 5.2293 5.6648 5.4620 5.1932 5.1355 5.8644 8.0983 6.7777 4.9479 5.2073 5.6791 8.8726 7.5724 10.5207
11.1787 12.2938 5.7986 13.0443 7.6678 4.7453 4.8785 6.2558 4.8899 6.4544 7.1084 8.4813 8.9215 8.5580 5.8495 4.3917 6.9177 8.3372 8.8580 6.8207 9.6249 9.5246 5.1512 4.8924 8.6282 5.5442 11.6562 5.0091 6.2672 9.1390 5.8747 9.0672 4.6566 6.3921 5.2127 8.3414 7.2723 4.9287 4.3662 6.3838 4.7232 6.2170 6.0221 7.8063 9.0370 8.9942 7.8034 8.0469 8.1776 8.6217 8.7399 10.8181 8.5918 8.2349 9.4495 7.4200 5.1272 6.0403 6.5105 6.9898 7.9614
4.7487 5.2912 5.6853 7.5513 6.1151 7.5923 7.7853 4.9246 7.4595 9.8115 8.5431 8.5446 11.7071 9.2869 8.6013 8.3486 7.7568 6.0869 6.7388 6.7974 7.5785 10.0162 8.7674 7.2869 6.8008 5.5232 10.4364 18.1025 6.6375 6.2512 5.4866 12.6040 9.2324 10.0012 9.6374 8.3335 7.5323 5.8123 4.9141 6.9925 5.6161-9999.0000-9999.0000-9999.0000-9999.0000-9999.0000-9999.0000-9999.0000-9999.0000-9999.0000-9999.0000-9999.0000-9999.0000-9999.0000-9999.0000-9999.0000-9999.0000-9999.0000-9999.0000-9999.0000-9999.0000-9999.0000-9999.0000-9999.0000-9999.0000-9999.0000-9999.0000-9999.0000-9999.0000-9999.0000-9999.0000-9999.0000 -9999.0000-9999.0000-9999.0000-9999.0000-9999.0000-9999.0000-9999.0000-9999.0000-9999.0000-9999.0000 6.4344 5.7475 6.7571 10.2251 8.5126 7.8467 8.4339 8.2390 6.0954 6.2008 8.0433 7.1175 5.2831 7.3795 7.5089 5.7165 4.3731 5.1202 6.0464
5.7914-9999.0000-9999.0000-9999.0000-9999.0000-9999.0000-9999.0000-9999.0000-9999.0000-9999.0000-9999.0000-9999.0000-9999.0000-9999.0000-9999.0000-9999.0000-9999.0000-9999.0000-9999.0000-9999.0000-9999.0000-9999.0000-9999.0000-9999.0000-9999.0000-9999.0000-9999.0000-9999.0000-9999.0000-9999.0000-9999.0000-9999.0000 -9999.0000-9999.0000-9999.0000-9999.0000-9999.0000-9999.0000-9999.0000-9999.0000-9999.0000-9999.0000 5.4113 5.5523 5.3245 7.2178 9.7886 10.0792 10.3806 7.3713 5.9023 5.5914 8.9901 5.5433 5.4070 8.8883 7.4515 5.4951 4.4147 4.5953 4.9997 5.4662 6.0337 9.1745 5.9483 8.2757 7.7547 9.5962 11.3404 11.7317 5.8465 5.2072 4.7839 5.8686 8.8901 7.8345 8.3571 5.2610 6.1843 15.0126 9.8912 8.6318 4.6122 7.3508 6.0231 6.7257 5.2901 5.6234 6.4592 7.5848 14.7283 12.1644 9.9319 10.4495 5.7253 5.2435 7.0001 10.6157 7.6697 6.3445 5.0479
15.5219 9.3738 6.2956 7.4761 9.2344 8.8662 6.9237 4.8493 5.3255 7.4579 7.4980 15.0101 14.0794 13.8574 7.2464 6.3707 11.2163 8.7216 6.5462 5.4359 4.7492 5.0102 6.7638 7.9220 10.6550 9.7958 7.7181 7.3334 4.6756 8.1634 13.4530 8.2624 5.4010 6.4671 7.1185 9.1456 6.0547 4.7632 5.8641 4.9335 6.3410 8.6109 12.6052 13.3211 13.3433 7.3285 4.9848 5.9522 15.0172 9.1361 7.4821 5.1439 5.8499 5.6249 6.2821 4.4002 7.2814 7.0133 5.2228 6.2219 8.5010
8.1980 11.2774 5.8738 6.6932 5.2239 15.3992 8.2029 5.7215 14.7191 10.2797 7.4052 6.8292 4.8057 4.8409 5.2461 4.3275 8.1301 6.3251 6.4056 5.6293 6.0674 5.8611 8.9154 10.2122 5.3546 5.8395 10.4614 6.5319 5.8694 4.3683 4.9043 6.3473 10.3306 5.3676 4.6289 5.5412 6.8391 11.5827 4.6297 5.2902 6.8813 8.1750 5.3077 5.9947 6.7041 5.5440 6.5708 4.7950 6.4777 6.0120 6.0259 6.2760 7.8424 9.4131 10.1837 9.7211-9999.0000 12.4299 9.8812 8.4679 7.7594 10.1576
7.9684 8.1947 5.5745 6.8603 6.2482 7.6985 6.1507 5.9950 4.3410 6.1649 7.4543 9.1691 9.6740 9.3618 7.8593 9.1289-9999.0000-9999.0000 8.9967 7.4405 8.0564 9.7127 7.9648 7.9428 7.3747 7.5031 5.8832 5.4809 9.2725 11.0865 11.3214 10.5063 14.1011 9.1612 7.8263 8.7293 7.4088 6.0729 8.1155 9.7696 10.6100 8.4780 7.7599 6.8205 5.4346 4.6292-9999.0000-9999.0000-9999.0000-9999.0000-9999.0000-9999.0000-9999.0000-9999.0000-9999.0000-9999.0000-9999.0000-9999.0000-9999.0000-9999.0000-9999.0000-9999.0000-9999.0000-9999.0000-9999.0000-9999.0000-9999.0000-9999.0000-9999.0000-9999.0000-9999.0000-9999.0000-9999.0000-9999.0000-9999.0000 -9999.0000-9999.0000-9999.0000-9999.0000-9999.0000-9999.0000-9999.0000-9999.0000-9999.0000-9999.0000-9999.0000-9999.0000 5.9033 7.6025 7.5184 4.7727 5.4867 6.4063 5.6976 11.5558 5.8311 7.7737 7.1413 7.6803 9.0692 6.8524 4.6744 5.0044
6.6159 5.8373-9999.0000-9999.0000-9999.0000-9999.0000-9999.0000-9999.0000-9999.0000-9999.0000-9999.0000-9999.0000-9999.0000-9999.0000-9999.0000-9999.0000-9999.0000-9999.0000-9999.0000-9999.0000-9999.0000-9999.0000-9999.0000-9999.0000-9999.0000-9999.0000-9999.0000-9999.0000-9999.0000-9999.0000-9999.0000 -9999.0000-9999.0000-9999.0000-9999.0000-9999.0000-9999.0000-9999.0000-9999.0000-9999.0000-9999.0000-9999.0000-9999.0000-9999.0000 5.8859 4.9309 5.1956 5.6562 7.1606 7.8729 6.8320 11.6446 7.0321 8.2091 9.2336 9.5958 5.0115 5.6256 5.0407 5.7164 4.6231 6.0237 7.1914 6.2150 6.6709 7.1688 14.1496 6.0121 5.4199 4.3877 5.5232 5.2803 6.7576 5.0127 4.5422 5.2123 5.4712 5.6723 6.2008 6.7364 7.3950 8.3309 10.7450 12.5025 13.4164 13.7906 14.8523 14.3220 13.9553 9.6240 12.4801 11.7310 13.6334 12.5734 14.3597 14.3448 8.9712 6.5759 5.5961 5.1995 7.1930 8.0219
12.2237 13.0576 13.7937 15.0624 14.6142 14.0799 14.8221 14.2246 13.8856 13.8543 15.1164 15.2285 8.2223 6.6638 5.6351 6.3803 7.4531 8.5994 8.9877 7.4839 7.2174 5.0801 4.2245 6.8117 9.4698 8.0117 7.1062 5.6487 6.5866 9.3228 4.5842 5.3828 6.6551 7.7593 6.9734 4.7533 6.7418 8.7340 8.7294 8.8361 11.8627 15.7202 5.4830 4.4307 5.2303 8.6275 10.4462 6.1541 4.3048 6.7350 5.7190 5.0589 7.4572 5.0623 8.3267 6.1361 6.4737 8.0237 8.9700 13.2054 6.0908
12.2388 11.1067 4.7737 6.8809 11.7914 7.1963 4.8150 4.7242 5.4461 8.1413 8.1844 9.3305 8.0299 8.7960 14.4641 5.8684 5.1928 11.5804 6.2130 4.8772 8.3827 8.3835 6.2079 5.7033 5.7395 5.1550 6.1259 6.4661 9.4212 11.7037 10.7129 8.3172 6.1669 7.4334 9.1091 8.8500 9.4548 7.2243 5.3753 6.8387 5.7503 4.9124 5.4365 7.2241 8.8359-9999.0000-9999.0000-9999.0000 10.2067 8.9886 7.6710 6.8262 6.6362 5.8625 9.0305 10.5554 9.8542 9.5250 8.1507 7.6652 6.8099 8.1347 6.8892 9.2761
9.5619-9999.0000-9999.0000-9999.0000 10.1478 8.9452 8.2170 6.6322 7.0661 8.3093 9.3656 9.6303 8.2588 6.8803 6.6300 8.5100 6.0842 4.8967 9.5046 4.9593 7.3137 8.5356 5.8456 5.0228 4.5284 5.4656 4.5491 4.3692 8.3179 7.3877 6.7091 6.0854-9999.0000-9999.0000-9999.0000-9999.0000-9999.0000-9999.0000-9999.0000-9999.0000-9999.0000-9999.0000-9999.0000-9999.0000-9999.0000-9999.0000-9999.0000-9999.0000-9999.0000-9999.0000-9999.0000-9999.0000-9999.0000-9999.0000-9999.0000-9999.0000-9999.0000-9999.0000-9999.0000-9999.0000 -9999.0000-9999.0000-9999.0000-9999.0000-9999.0000-9999.0000-9999.0000-9999.0000-9999.0000-9999.0000-9999.0000-9999.0000-9999.0000 5.1722 6.1885 6.9203 4.6372 4.9232 5.7655 7.5799 8.6588 6.4055 5.0038 4.1758 4.5818 8.3944 10.5814 5.1818 4.5442 4.4418 4.7459 5.8800 5.2725 8.0688 7.7848 8.2686 6.0654 7.8713 8.5045 8.8444 9.7353 7.5298 9.1239 8.3235
7.0773 9.4840 6.7603 5.4609 5.2360 5.4433 6.4792 5.4321 4.8384 7.0927 6.0373 7.1932 4.8202 6.3710 5.8397 6.3735 5.4084 4.4075 5.4303 5.5968 7.2195 9.6746 10.2271 10.6322 8.7667 12.4846 6.8086 7.8213 4.7462 5.4329 8.5598 6.7769 6.7927 7.1838 7.8574 8.8470 10.2719 10.0056 8.2294 10.9354 12.1959 11.9840 13.2271 9.2867 5.2923 7.7043 12.5800 9.5680 8.8633 7.6678 6.9516 5.4942 4.6134 5.1570 8.2886 5.5228 4.6198 5.8166 6.4677 5.4544 7.4676
9.7958 11.4544 10.7454 12.8839 15.3886 8.1621 14.9086 6.7191 8.1027 8.4795 7.5314 6.8725 5.9284 4.7944 4.6514 5.1526 5.0883 6.7680 5.2955 5.6582 7.2236 7.6621 8.2123 7.9510 6.2856 4.9990 4.4322 5.6475 9.2297 13.8635 16.7172 6.9440 5.4348 7.8253 6.0336 5.8140 5.0475 4.4287 5.4463 4.9466 5.8865 5.2409 4.9786 5.0915 7.0529 4.7046 6.7996 8.2646 8.1871 7.8734 8.3202 11.0709 12.5363 13.0862 8.2222 10.3405 7.7328 9.6713 10.1642 6.1172 6.7582
6.2975 6.8532 4.4255 5.4877 6.9080 4.7106 4.3575 5.8163 7.3291 4.3731 5.0221 6.6807 8.4674 9.0098 9.4740 11.0377 13.3928 6.8969 9.0023 9.1148 11.2706 6.6773 4.5672 6.7315 8.0226 9.1750 12.8441 9.1212 7.8307 7.6168 7.7553 10.8881 7.7806 10.1259 12.3853 12.5269 13.2792 11.9141 11.2165 10.0547 6.7411 5.7383 7.0999 7.2409 7.0494 7.5471 7.4839 9.9353 11.7418 8.5403 7.5609 6.7536 6.3965 5.2578 6.2329 6.7694 5.6151 4.8448 4.4737 6.5379 6.3405
10.3167 8.8085 7.3929 8.8965 7.1616 6.6244 7.0735 6.3174 6.7649 7.1326 10.3280 10.7731 9.2169 6.3978 5.4826 6.4686 9.0447 7.3784 5.7836 4.6538 5.6071 5.3281 7.9740 5.9035 5.7414 5.3465 5.4443 6.6993 5.8715 5.6474 8.4056 10.6539 6.1292 4.4737 4.2621 5.0966 5.6941 5.2066 5.6254 8.8974 6.3418 4.8272-9999.0000-9999.0000-9999.0000-9999.0000-9999.0000-9999.0000-9999.0000-9999.0000-9999.0000-9999.0000-9999.0000-9999.0000-9999.0000-9999.0000-9999.0000-9999.0000-9999.0000-9999.0000-9999.0000-9999.0000-9999.0000-9999.0000-9999.0000 -9999.0000-9999.0000-9999.0000-9999.0000-9999.0000-9999.0000-9999.0000-9999.0000-9999.0000-9999.0000-9999.0000-9999.0000-9999.0000 5.0922 8.7692 8.8805 9.6603 8.8976 9.6162 6.3388 4.7658 4.9543 9.8025 9.0355 4.6252 6.6043 6.5303 7.2259 9.9145 8.0252 7.0068
6.8480 6.7590 5.6196 5.6770 8.9237 7.4078 5.7800-9999.0000-9999.0000-9999.0000-9999.0000-9999.0000-9999.0000-9999.0000-9999.0000-9999.0000-9999.0000-9999.0000-9999.0000-9999.0000-9999.0000-9999.0000-9999.0000-9999.0000-9999.0000-9999.0000-9999.0000-9999.0000-9999.0000-9999.0000 -9999.0000-9999.0000-9999.0000-9999.0000-9999.0000-9999.0000-9999.0000-9999.0000-9999.0000-9999.0000-9999.0000-9999.0000-9999.0000 7.3518 7.2278 5.9647 6.9036 7.3738 7.6600 4.7066 5.0891 7.1581 6.9762 11.3326 8.4232 3.8098 5.7476 5.9828 11.1436 11.0612 5.3168 5.9069 7.5460 8.5967 5.2883 4.4016 6.6729 7.8822 9.3008 9.2658 5.5473 5.0795 6.1506 5.6629 9.3022 6.0112 6.1920 6.9266 8.8335 9.6827 7.1314 5.8011 6.0464 6.4353 6.7127 6.6500 6.8119 6.6880 6.8847 8.9961 7.5669 7.8166 10.5967 11.6138 12.2721 10.0985
6.5389 5.8706 4.5075 7.2249 6.1505 6.2963 4.9993 6.6225 8.5844 7.7981 8.7790 4.7620 7.2569 5.2561 6.5708 6.0458 5.9282 6.6798 7.5103 7.5700 10.8812 11.3445 9.0537 11.9004 12.9092 12.9651 12.2262 11.4345 12.0547 11.4516 11.9366 7.8771 4.2899 5.9887 8.3084 7.8383 8.8584 10.2335 10.7733 6.9570 9.1259 7.0820 6.1726 4.7397 4.7732 4.9058 5.1013 5.7198 7.7388 10.4945 6.7321 13.3021 12.9048 13.5148 14.7394 15.1951 8.7927 6.5405 6.3540 5.0024 4.9194
9.4212 10.8733 10.6167 7.0221 7.4255 10.3237 8.3257 6.8333 5.7284 5.6052 6.1649 6.0094 7.0469 8.9987 9.9429 11.7943 13.2447 12.9100 13.1415 13.9454 14.5671 9.4624 7.5918 6.7337 5.8680 7.5660 5.6629 6.2571 5.2690 7.6624 9.8053 7.5435 6.4145 5.2700 4.8406 7.0111 9.2540 9.7868 6.3397 5.7597 8.7698 15.7465 10.3524 7.7575 10.5608 15.3313 11.7763 11.9848 11.6000 11.8941 13.5138 14.4605 13.2745 12.6346 12.6749 11.5785 11.0408 10.4851 10.2878 10.5138 9.3503
8.0618 6.2926 5.4940 8.2176 11.0826 6.5833 8.5368 17.9073 11.4188 11.5731 11.9108 12.5691 15.3997 14.9397 13.5598 13.4680 12.4428 12.9238 12.2679 10.8947 10.4914 9.3995 8.5901 7.7976 7.6600 6.8630 7.2251 5.4047 5.2220 7.0840 6.4773 8.4980 7.6816 9.0807 5.7011 5.9485 5.6100 7.1364 8.8309 8.0722 9.9023 11.4821 10.2603 9.1029 12.9174 9.7674 8.8218 5.8847 5.4786 5.1076 6.1353 9.6064 7.7576 5.6727 5.2604 11.2472 6.6080 5.4339 4.8784 8.4796 7.2464
7.1561 8.3641 7.6055 6.8676 7.9133 9.3319 11.4405 6.7293 5.5369 5.8310 5.2564 5.6971 11.1095 5.7852 4.5740 5.4285 12.4406 6.8728 5.1783 4.8993 8.7037 9.2967 11.3338 7.5923 6.8271 10.6373 5.6170-9999.0000-9999.0000-9999.0000-9999.0000-9999.0000-9999.0000-9999.0000-9999.0000-9999.0000-9999.0000-9999.0000-9999.0000-9999.0000-9999.0000-9999.0000-9999.0000-9999.0000-9999.0000-9999.0000-9999.0000-9999.0000-9999.0000-9999.0000-9999.0000 -9999.0000-9999.0000-9999.0000-9999.0000-9999.0000-9999.0000-9999.0000-9999.0000-9999.0000-9999.0000-9999.0000-9999.0000-9999.0000-9999.0000-9999.0000-9999.0000-9999.0000-9999.0000 5.6346 5.2801 5.1629 5.5248 7.9426 7.9069 5.0180 7.3978 10.1019 4.6675 5.4112 6.5412 6.4653 6.6166 6.9174 9.0413 6.6686 6.7377 5.8865 6.4657 6.5907 10.4180 10.2051 8.8115 7.8253 5.9987 6.1049 4.3890 5.1980 6.0569 4.8281 6.1863 7.9059
6.6275 7.5404 12.5127 8.1353 7.0994 5.0314 4.2842 5.7513 13.1445 6.3482 4.6971 4.9066 4.8206 5.7719 4.7128 4.3176 4.7029 5.0123 6.4133 7.0976 7.3015 9.6822 5.9666 6.7603 8.6468 6.7065 9.3237 10.0580 11.5602 6.3589 8.5792 6.9051 6.0224 8.1678 9.7370 8.7765 10.0379 11.0496 11.5092 11.4251 12.4290 12.3730 11.7299 11.8228 10.4193 10.4284 12.2038 11.3821 11.9301 11.8087 12.3455 10.9464 11.7287 12.7446 10.0021 9.8247 10.0913 10.5866 10.2489 8.9463 9.2963
12.0044 12.6356 10.3469 10.4696 10.2467 11.0286 11.9253 14.3811 10.4188 10.7077 11.7668 10.9794 11.5318 11.4940 11.3665 10.6739 10.7794 10.6237 10.4940 12.3213 13.3937 17.0948 17.7221 6.3408 5.1145 7.2159 8.6758 10.1655 15.6012 11.8077 13.0413 12.3887 12.0341 12.8937 14.6196 12.0963 13.0606 14.7724 11.5040 10.7083 10.6172 10.4544 11.1646 11.6570 11.2730 12.1427 12.7634 11.6693 13.4306 15.3837 14.2643 13.0543 10.8563 10.5380 10.3262 8.0237 12.3078 10.4174 6.5288 5.5940 7.1907
14.6014 14.2767 13.8379 12.9916 13.1934 12.9198 14.7384 16.2294 14.1287 13.2433 11.5172 11.5724 11.0075 11.0771 11.0828 12.6109 12.3538 12.7113 12.2744 6.7836 6.6168 5.7688 5.5822 5.0713 9.4610 10.0146 9.9443 7.8813 6.3402 7.8958 9.5477 6.1718 5.5380 4.3894 4.5214 4.9776 10.1175 5.2458 7.7427 4.7356 5.8045 7.2956 9.8404 9.0430 7.3549 14.4617 11.3793 6.9993 5.8224 4.8839 5.9254 6.1254 10.7913 11.4465 12.1658 9.5805 6.7064 6.4173 4.5278 8.9202 6.5379
9.5143 6.2017 7.0951 11.3534 11.1738 7.2859 5.7088 6.0282 6.8646 9.0492 12.0248 11.3469 11.0404 6.8679 5.4741 3.5341 4.7755 4.0267 8.9202 7.9756 5.6989-9999.0000-9999.0000-9999.0000-9999.0000-9999.0000-9999.0000-9999.0000-9999.0000-9999.0000-9999.0000-9999.0000-9999.0000-9999.0000-9999.0000-9999.0000-9999.0000-9999.0000-9999.0000-9999.0000-9999.0000-9999.0000-9999.0000-9999.0000-9999.0000-9999.0000 -9999.0000-9999.0000-9999.0000-9999.0000-9999.0000-9999.0000-9999.0000-9999.0000-9999.0000-9999.0000-9999.0000-9999.0000-9999.0000-9999.0000-9999.0000-9999.0000-9999.0000-9999.0000 5.0084 4.8831 6.6199 5.5182 4.7565 5.7839 5.1141 5.4189 7.7360 12.2523 5.8164 4.6215 5.2337 5.6323 5.1622 5.5603 4.8622 5.7178 6.5216 8.9652 11.3827 9.8731 8.4630 6.0778 8.9722 7.8767 4.3458 6.9564 6.6985 8.8534 5.4432 6.4956 4.5533 6.4978 6.1704 4.3255 4.8987 5.5435 5.7115
