DTVGM_day/TopIndex/ylxmap.txt
ncols            426
 nrows            298
 xllcorner -545288.750000000000000
 yllcorner 4059981.250000000000000
 cellsize      500.000000
[rows 145 to 173 of 298, columns 128 to 191 of 426]
6.9230 10.2763 7.8370 9.3878 12.3990 9.3622 7.0832 8.4856 8.2486 8.6268 8.4194 6.2031 7.1430 7.9165 8.7784 10.3934 8.9263 6.7818 7.4070 6.8928 8.7172 8.9528 9.0441 7.3756 6.6761 7.1289 8.2351 8.0811 8.3330 9.3115 9.9330 8.4131 9.5974 10.9364 10.9209 9.5405 10.4021 10.9374 7.9562 8.0995 11.9776 9.1365 7.9825 7.6981 7.7075 7.4948 7.8310 10.1294 7.4606 8.5142 9.6274 8.6444 7.6603 7.4144 9.7320 11.9964 12.7380 8.5070 6.2552 7.0935 13.0289 7.6995 6.7150 7.5071
8.8446 9.4647 6.4039 9.3779 10.3997 10.4087 8.4035 9.8673 8.9540 9.1540 7.2187 6.9246 8.2432 9.4651 11.2322 8.9527 8.8413 6.9985 6.3301 6.5095 7.5576 7.9327 7.4931 7.2771 7.5934 6.3645 7.9736 8.8128 8.8938 7.7585 7.8329 8.3557 9.3427 7.4674 13.6978 13.5084 10.4574 10.6272 7.5570 11.4580 11.5914 8.4291 9.1064 9.3890 9.2450 7.4178 9.7877 9.1498 7.3783 8.2578 9.6518 10.9525 11.3443 9.8356 10.0159 8.5369 8.4632 8.7918 6.3784 7.2900 13.5961 8.1153 7.2243 6.4046
10.0957 6.6014 7.7179 10.0753 7.2372 8.8494 10.9689 11.0182 9.4175 7.7947 9.4724 7.7040 6.6785 6.5358 7.8087 7.2406 9.1528 7.9561 8.0398 6.7704 6.7618 8.5683 10.5184 8.2136 8.3542 6.7868 8.4737 8.9364 9.3268 7.2769 8.3535 8.8925 8.7339 7.5746 8.6610 12.2946 12.2153 9.2513 7.1444 14.1727 7.6499 7.0696 11.3880 8.6691 7.0349 8.1526 12.0210 7.1164 9.2286 8.2173 8.9095 7.7656 8.7668 8.4400 7.3682 8.3053 8.3980 7.0434 7.6353 9.2880 8.6017 13.0389 8.2634 7.8471
7.7713 8.8131 10.1084 8.2445 7.3593 9.1950 9.4855 14.3574 8.3120 7.3135 10.8638 7.4841 7.7582 8.2911 6.6287 6.6759 6.9972 7.2459 9.6198 7.9665 6.3823 8.0612 8.5451 9.8243 9.4640 6.6979 6.6942 9.6871 10.0902 8.8952 8.5907 8.9238 8.4768 9.1386 11.5358 11.6485 11.9435 11.4905 11.4559 7.4549 6.5103 10.7726 10.1869 7.7404 7.5522 10.9903 7.6988 7.2299 10.6561 10.7931 8.9470 7.2307 7.2822 6.8805 7.0636 7.5184 7.6627 7.3556 9.7881 7.0664 9.2522 14.2699 7.2575 6.8829
6.2936 7.3317 8.5603 6.3491 8.8388 8.6753 7.1776 8.4112 16.2634 10.0532 7.2607 6.9488 10.8981 9.1392 6.8818 6.7517 6.6216 7.7159 8.8834 10.2425 6.4399 6.8131 8.6660 8.7557 9.8243 9.7911 9.2244 10.4972 10.8519 10.2889 9.6854 9.6783 9.7639 10.1755 11.1346 13.3313 13.0731 15.0150 10.1048 7.5497 10.5647 10.0189 7.1760 8.4723 10.2609 11.2077 6.9558 10.2318 10.9515 8.3258 7.8793 7.7821 8.1060 6.9583 6.7579 7.0767 7.2927 7.5149 7.0350 6.7494 7.4759 12.2582 12.9176 12.0416
7.3185 6.1525 6.8840 8.6105 8.8200 6.4899 8.1756 11.2971 8.8750 13.8012 8.9824 8.0405 11.1802 9.0469 7.7315 7.7063 6.4230 6.9705 8.0496 10.1697 8.7318 9.0074 12.9577 10.5678 10.7562 10.8620 12.0322 11.0854 13.9700 10.2330 10.0912 10.4828 10.8228 10.8047 10.7811 11.2756 14.5985 11.8146 9.9826 9.6846 9.5800 9.0281 9.6342 7.8816 11.2459 6.8083 9.0877 11.8322 11.1006 8.0070 8.6159 10.1817 8.9083 8.0233 7.9163 8.4515 7.6783 7.1066 6.6991 7.8342 10.6757 9.2820 6.9240 9.2305
8.9909 7.9473 6.7524 6.3529 6.9278 9.0623 10.7131 7.4271 7.5628 10.2932 14.3056 10.7828 7.4115 7.2547 9.2669 8.5030 7.2188 6.8067 7.1365 13.3584 10.9365 11.1456 10.9112 10.1328 10.9174 11.2353 7.4159 8.4845 8.9515 8.9122 9.4291 9.7312 10.2718 10.1160 8.9939 11.9780 13.6542 11.1165 11.0770 11.4575 9.8610 9.9047 8.8867 9.9820 7.9783 8.9835 11.0172 11.5675 9.2337 8.9574 10.1831 10.5604 7.8514 9.9126 8.0036 9.6772 9.2541 8.7244 9.1960 7.8115 9.2033 10.2273 7.5054 8.8864
7.4052 6.7847 8.2168 8.4426 6.9016 8.7867 8.3932 6.7432 8.1759 7.8139 8.5943 17.5405 8.1745 9.2638 8.1020 9.3351 8.6982 7.9744 10.0968 10.9976 9.9412 7.8302 6.5217 7.7631 9.7651 9.5038 12.6869 6.9785 8.2562 9.3911 9.1300 7.8521 8.3634 8.5578 7.7283 16.5069 10.4251 9.9150 9.4421 11.5867 13.3549 11.5524 10.3650 9.1041 10.6216 10.9561 11.9145 7.0814 6.5272 7.3301 11.9124 8.3194 6.8037 11.2115 9.1771 10.5737 11.0808 9.3635 8.0959 6.8779 7.4090 8.6574 7.8636 8.0650
7.1280 7.1193 8.2344 9.3787 6.7799 6.7905 7.0375 6.5002 7.7094 8.7195 8.5219 8.5986 13.7538 8.1011 8.2081 10.3124 9.3219 9.6517 11.1914 6.9739 7.7867 11.6554 6.3667 6.4800 8.5231 10.3396 12.4978 7.4111 7.7008 9.5551 9.1119 7.9579 8.6465 7.9069 9.4826 11.6873 6.9557 9.3781 10.2269 11.3913 11.9279 11.7553 10.8351 10.3948 12.3737 7.7726 13.8387 7.3680 7.1728 7.0700 10.7164 7.6508 7.8572 9.1672 12.0116 11.3242 7.8290 7.1075 6.5018 6.6146 6.0830 7.4509 6.7818 6.5632
6.5411 8.5668 10.5702 9.9699 7.7374 7.9582 7.0221 6.3383 6.6863 6.4764 6.9549 7.1199 11.3506 17.6854 8.6073 7.3632 10.4078 10.4116 8.6407 12.9104 7.4801 9.8180 10.7301 6.6690 8.0099 11.0211 14.8673 11.1434 8.2991 7.9895 8.5203 7.7630 7.3011 7.6555 13.9698 8.6637 7.0338 8.7024 8.2851 10.0679 9.7991 10.1912 9.7178 9.3376 8.9243 8.8573 11.2528 13.5550 8.7957 8.7647 10.1343 9.2311 7.9341 7.2867 10.8227 8.9045 8.6706 7.9706 7.4330 8.2538 7.3211 7.3856 7.3920 7.1132
7.0780 7.1165 8.4009 11.3302 11.2120 8.9440 8.0867 7.2505 7.2255 7.7795 8.0019 8.8639 7.5267 9.9366 12.8804 14.3134 10.2606 7.9633 6.5771 12.3409 10.5302 8.2887 8.5475 8.9345 9.0819 9.8544 10.6131 10.5635 8.6068 6.8875 8.1724 9.5601 8.6269 10.4607 10.7000 9.4114 8.2855 8.0847 8.1806 10.6788 7.7502 8.8315 8.8103 7.5631 8.6207 11.8543 7.9417 15.4210 10.4860 6.8024 7.9639 9.3721 6.7656 7.3153 10.1711 8.7714 7.6197 6.9901 9.9345 9.6167 7.6075 8.5785 8.2762 8.5900
7.0702 7.6256 7.0924 8.1748 11.8200 9.3862 8.3207 7.6963 7.7657 8.5354 9.0828 8.0684 7.4755 10.5679 10.6917 9.6507 7.0412 7.5839 6.5897 11.4976 7.8861 8.0251 7.1214 8.6886 7.5200 9.3661 10.4370 9.4068 9.6697 9.6745 7.9750 7.2854 9.7574 11.5335 9.0204 7.5379 6.8864 7.8700 9.8161 11.7646 7.6826 7.9398 7.5371 7.5024 11.4226 8.2140 7.0368 8.2472 10.4176 8.1629 9.1741 6.9554 6.3680 7.2358 12.6785 7.6459 7.5379 8.6352 10.8677 7.3981 6.4892 9.0914 10.7591 8.9493
7.8363 8.2601 8.4100 7.5721 11.2117 11.0134 9.2261 9.3224 8.6220 8.2359 6.6879 7.8958 10.4244 13.8266 8.6809 8.1967 6.6636 6.4336 7.1376 11.4996 9.1573 8.0028 6.7096 7.6444 8.1917 8.8589 9.3837 8.8422 9.9148 11.1897 13.5846 10.6804 14.5109 9.6060 7.5733 7.4353 8.3949 9.1514 11.8880 15.0656 9.4013 8.3988 9.3556 11.2080 11.2084 8.4047 7.9255 10.2379 9.8305 9.6102 8.7413 8.1647 7.1234 7.7169 11.1352 6.5990 10.3321 8.6273 10.6853 7.4433 6.8198 7.9672 11.3803 7.7343
8.6307 9.2155 8.7401 8.1136 10.3185 11.9956 9.6140 9.9336 10.5787 8.4847 7.9267 8.8305 9.9315 9.1920 8.5076 7.8383 7.1159 6.3991 6.6769 6.7387 13.0009 7.9317 7.1113 6.5339 7.6148 8.6508 7.3220 8.1152 9.7248 8.6567 11.4888 11.6745 11.2204 9.8575 9.7266 7.7507 7.9819 14.2322 9.6073 9.7500 10.1040 9.4338 14.4313 9.5043 8.8502 9.2594 8.1811 9.4182 8.7251 10.0637 8.9044 10.9098 7.9958 11.5715 7.6806 7.5893 11.2081 9.6560 10.0753 8.1846 7.0059 9.1524 10.8515 7.6145
9.5701 9.6876 9.6257 9.2937 9.8887 11.9953 10.3718 10.5925 10.4808 11.0103 9.8696 9.9517 13.3929 8.9937 9.0378 9.3013 7.4957 7.1741 6.6890 7.9785 11.0579 10.7671 7.9627 6.0553 6.2241 7.5611 9.4217 8.1496 9.1580 8.9435 12.0643 12.4341 8.8500 10.6668 10.5885 10.9575 12.7505 10.5619 7.7182 10.3169 12.0842 10.9996 10.6585 8.8192 8.0570 8.5048 8.9144 10.1933 10.5676 10.4501 10.1110 9.8210 10.7021 10.4080 8.6721 10.5415 7.8838 9.4270 9.7774 9.2152 7.8166 8.5447 11.0729 9.6447
9.7881 9.8600 10.3927 8.8753 9.7409 11.4072 9.6396 9.7294 12.6750 12.4030 11.5630 10.6990 10.8056 10.0972 9.0135 7.6112 8.8130 8.0622 7.3491 6.5971 7.1992 9.3782 10.1511 8.0132 6.5180 6.5934 7.1634 8.7844 8.8805 9.9882 11.1578 10.7356 8.5050 9.7359 9.8013 11.1417 10.7825 9.9176 9.6412 9.9420 8.8059 10.8393 12.1564 8.7793 8.3275 7.7930 7.8956 8.4364 9.2086 10.7875 7.2583 8.7846 10.5822 9.7380 10.4628 9.7364 8.7345 10.3726 7.6375 10.4015 8.0018 7.4882 12.6907 11.7690
10.6544 9.9575 11.1469 9.4556 12.5603 12.8664 12.2226 12.3090 12.6320 15.7937 10.1612 8.3432 10.9487 9.7510 10.4561 9.7380 8.7172 9.5266 8.3130 7.7221 7.4617 6.5524 8.1183 8.8696 7.7002 7.2020 6.9313 7.2708 8.5966 12.1506 10.2670 9.4616 8.3451 11.1111 10.5954 10.3417 8.5418 8.7631 8.9841 9.0861 9.0029 11.6524 11.3713 8.4915 7.1613 7.2609 8.4643 9.1878 9.7910 9.1574 9.0765 11.7079 7.9847 9.9564 9.6285 15.9835 9.6932 9.9077 7.0924 11.3033 7.1018 7.6747 11.3274 8.1316
11.8676 11.0233 14.3552 11.7260 12.0566 13.4300 11.5193 9.5581 12.7908 10.4635 10.8787 8.0913 9.9216 12.4126 11.4433 13.6971 9.2091 7.6980 9.5215 9.6135 8.5518 8.5572 7.8241 7.0574 7.6316 9.8840 10.2861 8.8363 9.2561 10.2369 8.2120 8.9821 7.9626 9.2231 9.9294 9.4403 6.7216 7.1904 7.7907 8.3006 9.8059 9.1107 12.7732 10.4549 8.3041 7.8625 8.2932 9.2476 7.3263 9.4642 11.0266 8.9147 8.7982 7.3540 7.4350 11.5241 11.3030 10.2473 10.1477 8.1809 7.4574 8.6015 8.9028 8.2482
12.2177 13.1968 13.3604 12.6581 12.3393 12.8303 13.7879 14.7145 11.3527 10.9150 11.5779 8.1363 9.0733 9.9365 11.0746 11.0573 10.1236 9.5653 10.0912 8.9490 9.5045 8.1847 8.7263 8.5278 7.0822 7.8587 8.1416 9.7625 10.8694 7.8107 6.8528 7.7500 8.9233 9.1971 10.4340 10.3927 9.1426 6.9377 6.9150 7.8132 8.5285 8.6087 10.4964 10.4657 7.1487 6.7124 8.4722 10.1636 11.2891 12.2454 10.1751 9.7555 9.5317 7.1518 8.6211 12.1179 11.3770 10.7946 9.8499 9.2887 7.7770 12.6751 9.8584 10.6774
12.0600 14.2075 14.7543 11.2212 10.8896 13.6629 11.6026 14.7606 12.4519 10.7967 10.0197 9.2922 9.0411 9.5476 8.9427 11.0643 11.4807 12.6146 10.2687 10.4138 9.5810 9.5183 9.3357 8.1465 6.4086 7.6092 8.8346 9.7921 12.3009 8.3657 6.7735 6.5445 9.2895 8.0751 8.5833 7.6740 7.8522 7.9814 7.6096 9.5272 9.7141 11.6176 11.3299 9.4188 9.2842 8.4221 9.6583 9.1459 14.6055 11.0360 9.0459 7.5252 9.7036 10.3689 16.1884 11.2390 11.8081 11.6705 11.7214 8.9023 11.3022 8.1034 8.7241 10.7882
11.4443 11.4414 11.4384 10.9423 9.3799 10.6298 11.1453 11.4124 12.6521 11.4350 14.2472 9.0447 8.3968 9.5407 8.4555 9.1615 11.4517 11.9870 12.8603 11.5097 10.7197 10.2636 9.7159 8.8527 7.6220 6.2797 7.6319 8.1388 12.5263 8.0156 8.1511 6.7087 8.3027 6.6608 7.7885 7.6453 9.4168 10.0271 10.9227 9.9299 8.6135 13.2253 7.9671 8.1130 6.6247 7.4966 7.9453 7.8729 9.7188 8.6983 8.8048 9.2176 8.9804 11.1979 11.4323 8.5923 7.9929 9.9501 11.1145 10.5743 9.2140 6.9901 11.1138 9.6522
11.2686 11.2877 11.1828 11.3690 7.5383 9.3788 12.4046 9.6825 12.5043 11.4697 11.7829 10.1854 9.5773 9.2039 8.5593 10.7670 10.6782 9.9584 11.2724 10.1274 15.1968 10.5299 9.6385 8.9881 8.2158 7.1492 6.3864 8.1119 13.3169 8.6007 8.4542 6.6003 6.6951 8.5356 10.7452 10.6566 11.0739 10.6431 10.4379 14.2364 13.5399 8.1737 6.7896 7.8913 6.2888 7.3367 7.1077 10.4774 9.1101 8.1240 7.6213 8.4015 9.1486 10.4617 10.5946 9.6065 7.3863 12.1643 15.4177 11.1969 9.4681 9.5539 10.4253 9.9926
12.2436 12.4481 12.6111 12.5294 7.9656 10.5478 13.4323 9.9203 10.7685 12.4547 10.7195 10.5811 8.9124 8.3590 9.4023 10.4518 11.0356 10.2422 10.7813 9.3047 12.5282 12.0541 9.2097 8.6668 8.3714 8.9368 6.8790 6.7815 11.4619 9.5854 8.7605 7.3130 6.4131 9.5051 8.6350 8.6664 10.3640 8.1599 9.3303 10.0985 11.9919 8.8043 6.8797 6.3057 6.9586 8.1424 9.4257 12.3499 8.3493 7.3234 7.7482 7.3889 8.7185 8.8472 10.2177 11.0634 12.4895 11.4321 10.8034 12.1225 11.0545 12.9612 10.6227 9.9649
11.1340 9.0928 9.9143 11.6250 10.9452 11.7167 11.4954 9.8623 10.5269 12.4438 12.4567 10.6655 8.2149 8.5045 8.8262 10.6928 9.1593 9.9976 9.7610 9.1915 12.5891 15.0353 13.5775 9.8384 9.5486 8.8031 8.3681 6.9330 10.6825 11.3199 8.8979 8.3331 6.9039 9.0776 7.0635 7.7676 8.4083 9.3238 8.3957 11.7929 8.7325 8.7639 8.2735 7.5544 6.7637 7.0581 14.6479 13.0418 7.5143 7.3286 7.7939 7.5018 8.0678 11.3821 9.5941 10.8388 11.2923 8.5309 8.2221 8.6203 10.3981 11.9900 11.5966 10.3680
8.6246 8.1907 9.8836 11.0084 11.4437 10.4286 11.2435 9.9378 8.5970 12.3784 10.6719 11.6904 7.7453 7.9334 9.3988 10.1010 9.3184 10.6483 9.0291 8.8722 14.1994 7.6065 12.2878 13.0107 10.2700 9.2426 8.1065 6.9217 11.2209 10.8517 9.8790 9.0565 7.5727 6.8662 6.5696 6.7980 8.5451 8.7636 10.5209 10.3973 7.7580 7.0399 8.5924 8.9255 8.6686 8.9221 14.1972 8.2173 8.0432 6.3266 6.6582 7.7797 8.4190 10.2896 8.9141 11.5586 9.6537 7.5209 8.5957 8.8464 10.1151 11.5613 13.2258 10.6934
7.2191 8.7010 9.2377 9.8900 11.0540 9.8933 10.4279 9.5290 8.9647 11.0192 10.4831 13.3980 8.7560 8.7936 8.7593 8.5743 8.8762 9.2493 8.6741 9.8027 12.0824 7.8134 7.1005 8.5841 15.8091 9.0665 8.5232 7.1459 10.7651 10.8781 11.1442 10.1772 8.7616 7.4729 6.4310 8.0560 8.8809 8.3970 8.9888 8.2937 7.3186 7.2998 7.8862 9.6978 10.3026 15.5312 9.0960 8.8951 7.9552 7.3334 8.1285 8.8710 10.9163 10.2574 11.5838 11.0327 8.1711 8.8646 9.5027 9.6392 10.2114 10.8473 14.5587 10.3974
8.5654 8.3845 7.8721 8.9881 10.7386 9.9285 9.7860 8.6649 7.5955 10.8824 10.3757 9.3564 13.3530 8.0921 7.9535 8.2763 8.1567 8.9762 9.3858 9.5738 10.9335 9.4295 7.1644 6.7476 7.9738 16.2374 10.9597 9.2644 7.9038 10.7606 10.1535 10.1690 9.2905 8.3039 7.3390 6.9644 7.4339 7.6413 8.0378 9.4336 10.0108 9.2414 8.6788 13.1536 15.0369 12.4581 6.7346 7.2654 7.0699 8.1724 11.0217 10.3894 10.2279 8.0639 10.4208 9.4139 8.1162 8.9338 10.6082 11.3734 10.5460 12.4033 12.2912 11.9570
8.4373 7.5962 7.7258 8.8967 10.0532 8.8313 9.2990 7.9041 7.5745 12.0059 10.7931 7.9221 12.4314 7.7657 9.3635 8.1625 7.8503 8.1674 8.9332 9.9742 11.8151 13.4184 8.9459 7.7552 7.3699 10.2133 12.6097 7.3492 8.2385 8.2423 11.6545 9.7263 8.8771 8.2551 7.2123 6.8650 7.8827 8.6128 8.5991 7.9084 8.9382 12.0025 14.1752 12.2279 7.7945 12.1872 10.6980 9.7599 8.3998 8.7232 8.2231 7.9731 7.0186 8.4793 9.5018 8.4612 9.4351 10.8318 10.4980 10.6532 7.8394 9.8222 11.0752 12.1214
10.5786 9.3528 10.0529 9.4441 9.8494 8.7151 8.7060 9.5326 9.6825 13.1870 8.1051 7.4501 14.7615 9.1195 8.6145 7.9364 8.5501 9.8599 10.6460 10.1583 12.8922 12.9438 11.9298 9.5819 8.1551 9.2510 11.6608 15.7796 9.4113 7.0522 10.6681 13.3611 10.1088 9.5345 7.7583 7.3135 6.3018 7.0003 7.8076 9.6830 12.3685 12.5345 9.0990 9.0808 8.6228 13.1224 11.0525 10.1711 7.5239 7.8698 8.2000 8.2942 6.4459 7.7603 7.7916 7.9061 9.5406 9.8155 8.8153 10.6414 9.0934 9.3508 11.0071 10.5036
