DTVGM_day/TopIndex/ylxmap.txt
ncols            426
 nrows            298
 xllcorner -545288.750000000000000
 yllcorner 4059981.250000000000000
 cellsize      500.000000
[rows 116 to 144 of 298, columns 64 to 127 of 426]
9999.0000 9999.0000 9999.0000 9999.0000 9999.0000 9999.0000 9999.0000 9999.0000 9999.0000 9999.0000 9999.0000 9999.0000 9999.0000 9999.0000 9999.0000 9999.0000 9999.0000 9999.0000 9999.0000 9999.0000 9999.0000 9999.0000 9999.0000 9999.0000 9.5525 9.6871 12.1989 12.2405 8.5585 9.7862 9.2838 15.7762 11.4929 10.6920 14.7759 11.7931 10.0941 8.5673 7.3591 7.3546 8.7274 6.6074 9.7639 9.5687 6.4234 7.9545 9.4551 6.7521 8.0717 14.2540 9.2608 8.8400 8.4021 12.4176 12.5839 6.7501 7.1365 8.4475 11.8371 7.2797 9.1853 9.7248 8.2891 8.6853
9999.0000 9999.0000 9999.0000 9999.0000 9999.0000 9999.0000 9999.0000 9999.0000 9999.0000 9999.0000 9999.0000 9999.0000 9999.0000 9999.0000 9999.0000 9999.0000 9999.0000 9999.0000 9999.0000 9999.0000 9999.0000 9999.0000 9999.0000 9999.0000 8.6161 8.5688 7.2601 8.4576 7.2770 7.9323 7.0685 11.4155 8.0100 9.6682 8.5066 9.8196 9.9149 7.5720 6.7056 6.6826 6.9554 6.5459 8.3646 10.5481 6.6318 6.7891 7.7253 8.0732 9.4970 12.6921 6.7387 7.8212 9.0260 8.7209 13.5534 10.1904 8.9281 8.9953 11.8097 7.1455 8.0354 8.8283 8.7295 10.0701
9999.0000 9999.0000 9999.0000 9999.0000 9999.0000 9999.0000 9999.0000 9999.0000 9999.0000 9999.0000 9999.0000 9999.0000 9999.0000 9999.0000 9999.0000 9999.0000 9999.0000 9999.0000 9999.0000 9999.0000 9999.0000 9999.0000 9999.0000 9999.0000 9999.0000 9999.0000 7.7928 7.3852 7.0047 7.8635 10.1648 10.1030 8.8868 9.3962 9.2442 8.7806 12.0212 9.2982 7.9328 8.0627 7.7700 6.9047 7.0112 7.8766 9.1946 6.8560 6.4998 7.8632 15.4163 8.2130 6.3966 8.1766 7.7850 7.8221 11.6363 11.4235 7.7056 11.1828 10.1638 6.9801 6.8651 7.7250 8.6858 9.2382
9999.0000 9999.0000 9999.0000 9999.0000 9999.0000 9999.0000 9999.0000 9999.0000 9999.0000 9999.0000 9999.0000 9999.0000 9999.0000 9999.0000 9999.0000 9999.0000 9999.0000 9999.0000 9999.0000 9999.0000 9999.0000 9999.0000 9999.0000 9999.0000 9999.0000 9999.0000 7.9942 8.0446 7.4168 7.0269 7.4447 8.0347 8.6744 9.0002 9.1518 10.9463 14.4708 10.4581 11.4599 9.4211 8.4768 7.2474 7.0427 6.2410 8.8886 10.2530 10.0938 10.5779 14.5522 7.7827 6.0523 8.7101 6.9999 7.5902 10.1021 12.0367 7.9515 10.0881 9.6483 8.0274 7.8471 7.8709 7.4885 8.4142
9999.0000 9999.0000 9999.0000 9999.0000 9999.0000 9999.0000 9999.0000 9999.0000 9999.0000 9999.0000 9999.0000 9999.0000 9999.0000 9999.0000 9999.0000 9999.0000 9999.0000 9999.0000 9999.0000 9999.0000 9999.0000 9999.0000 9999.0000 9999.0000 9999.0000 9999.0000 8.8149 10.0929 8.1672 7.8642 7.4668 6.8991 7.1827 8.4218 8.6100 8.2570 13.0101 12.6170 9.1379 12.3600 12.3806 11.4170 8.9130 7.4589 6.6719 6.6619 7.6137 10.4397 8.4206 12.6546 7.5594 7.1901 6.3407 7.1455 11.1950 10.6582 7.1477 9.4571 8.5457 7.8673 7.9706 9.8316 8.3222 11.2720
9999.0000 9999.0000 9999.0000 9999.0000 9999.0000 9999.0000 9999.0000 9999.0000 9999.0000 9999.0000 9999.0000 9999.0000 9999.0000 9999.0000 9999.0000 9999.0000 9999.0000 9999.0000 9999.0000 9999.0000 9999.0000 9999.0000 9999.0000 9999.0000 9999.0000 8.6623 9.8618 11.1566 12.6631 11.9331 10.3844 7.7482 8.1287 7.5419 9.0802 11.5972 9.4118 7.8094 15.5579 6.9891 7.7094 11.5561 11.1874 13.8234 8.9571 7.5944 10.6669 7.6298 6.8066 13.8016 8.8464 7.5633 6.3423 7.0890 10.8107 11.3519 7.2620 7.7929 8.3667 9.3266 11.3549 12.2947 13.4440 12.6502
9999.0000 9999.0000 9999.0000 9999.0000 9999.0000 9999.0000 9999.0000 9999.0000 9999.0000 9999.0000 9999.0000 9999.0000 9999.0000 9999.0000 9999.0000 9999.0000 9999.0000 9999.0000 9999.0000 9999.0000 9999.0000 9999.0000 9999.0000 9999.0000 9999.0000 6.8652 7.3969 9.4016 9.9832 14.1884 11.6640 10.0645 9.8958 7.2351 7.4698 9.3918 8.5791 7.4906 9.2282 12.8408 8.1734 6.9126 8.6870 8.7671 7.6986 8.2916 9.0810 6.0809 7.2685 11.7348 10.7809 7.9450 7.1831 8.3978 11.7830 9.3414 6.8125 7.1546 7.5585 10.4377 12.4010 8.0767 8.1458 9.9111
9999.0000 9999.0000 9999.0000 9999.0000 9999.0000 9999.0000 9999.0000 9999.0000 9999.0000 9999.0000 9999.0000 9999.0000 9999.0000 9999.0000 9999.0000 9999.0000 9999.0000 9999.0000 9999.0000 9999.0000 9999.0000 9999.0000 9999.0000 9999.0000 9999.0000 9999.0000 7.3018 8.5359 8.7258 9.0767 9.0416 9.1905 13.0778 10.1323 9.7837 10.4910 8.7817 7.5981 7.3688 10.2281 12.0727 9.0467 7.5060 7.5498 8.9081 7.8926 7.7137 9.8262 9.4200 10.4869 10.1529 6.3508 6.0803 7.3882 10.6921 8.7770 6.6242 6.7454 8.3461 11.0111 8.1190 7.9999 10.8163 8.8634
9999.0000 9999.0000 9999.0000 9999.0000 9999.0000 9999.0000 9999.0000 9999.0000 9999.0000 9999.0000 9999.0000 9999.0000 9999.0000 9999.0000 9999.0000 9999.0000 9999.0000 9999.0000 9999.0000 9999.0000 9999.0000 9999.0000 9999.0000 9999.0000 9999.0000 9999.0000 7.1532 7.5978 8.4376 8.7970 9.1620 9.3293 8.4678 7.1369 8.6917 12.0493 8.9086 8.5117 7.1079 7.8747 9.7956 9.5956 9.4174 10.0809 8.9177 7.5145 6.8480 8.4657 6.5432 6.6616 11.1824 8.0721 6.4687 7.8793 10.2293 7.5351 7.1846 7.2794 9.0120 10.5363 7.2995 7.3850 7.7108 7.9238
9999.0000 9999.0000 9999.0000 9999.0000 9999.0000 9999.0000 9999.0000 9999.0000 9999.0000 9999.0000 9999.0000 9999.0000 9999.0000 9999.0000 9999.0000 9999.0000 9999.0000 9999.0000 9999.0000 9999.0000 9999.0000 9999.0000 9999.0000 9999.0000 9999.0000 8.5194 6.9899 6.5151 7.0836 7.9070 8.9778 12.9956 8.3547 8.0730 6.7014 8.3154 11.4634 9.5005 9.1242 7.8108 7.6239 8.4236 10.3360 8.0849 8.2485 8.1756 7.8278 7.2217 8.5755 8.2948 9.1570 8.6672 8.0562 7.1127 6.6729 6.8745 7.4956 9.6093 10.5131 7.1386 8.2818 8.6717 6.6011 6.6444
9999.0000 9999.0000 9999.0000 9999.0000 9999.0000 9999.0000 9999.0000 9999.0000 9999.0000 9999.0000 9999.0000 9999.0000 9999.0000 9999.0000 9999.0000 9999.0000 9999.0000 9999.0000 9999.0000 9999.0000 9999.0000 9999.0000 9999.0000 9999.0000 9999.0000 9.2918 7.8374 7.2918 6.9383 7.1500 8.2497 13.2115 9.7529 8.5833 8.2905 7.4134 9.9281 10.3647 6.9721 7.4804 7.1895 8.0974 9.6896 8.6616 9.2188 8.6872 8.4066 8.8335 9.9318 8.9803 7.0495 6.9420 7.9934 10.0291 7.1661 7.8975 7.3575 7.6487 6.8659 6.8861 7.6791 10.2060 7.1462 7.9958
9999.0000 9999.0000 9999.0000 9999.0000 9999.0000 9999.0000 9999.0000 9999.0000 9999.0000 9999.0000 9999.0000 9999.0000 9999.0000 9999.0000 9999.0000 9999.0000 9999.0000 9999.0000 9999.0000 9999.0000 9999.0000 9999.0000 9999.0000 9999.0000 9.3406 9.8291 8.8500 8.3519 7.7975 8.2250 8.4992 13.9243 11.8112 8.9646 8.5698 6.7408 7.7104 9.8113 9.0953 9.4055 8.0149 8.1925 9.1950 9.9006 9.7335 9.2812 8.3159 8.5727 12.2777 6.7861 6.3270 6.0502 8.3457 9.9578 11.4733 8.5070 8.2864 8.5519 6.5338 7.0379 8.4976 14.5966 13.4454 7.5964
9999.0000 9999.0000 9999.0000 9999.0000 9999.0000 9999.0000 9999.0000 9999.0000 9999.0000 9999.0000 9999.0000 9999.0000 9999.0000 9999.0000 9999.0000 9999.0000 9999.0000 9999.0000 9999.0000 9999.0000 9999.0000 9999.0000 9999.0000 9.7846 10.3799 9.8378 9.1275 8.7185 8.6391 8.6683 9.3599 12.0081 13.6605 9.5786 7.9214 7.3997 7.6127 12.5818 7.3797 8.3469 9.2520 9.4339 11.7100 7.6628 9.9205 7.4523 8.5928 10.5081 11.1708 7.4530 7.8520 7.0390 7.1832 6.8275 8.5900 13.2229 11.5942 13.8200 8.4322 8.6143 13.9382 8.4048 8.5298 18.0492
9999.0000 9999.0000 9999.0000 9999.0000 9999.0000 9999.0000 9999.0000 9999.0000 9999.0000 9999.0000 9999.0000 9999.0000 9999.0000 9999.0000 9999.0000 9999.0000 9999.0000 9999.0000 9999.0000 9999.0000 9999.0000 9999.0000 10.3933 10.2933 10.6680 10.3111 9.7063 9.6978 10.2004 10.5254 10.5410 13.0144 9.0583 9.6402 9.7933 9.1709 8.2490 11.4878 8.6800 6.8275 11.6432 13.2746 10.9098 7.9426 7.7623 8.2663 7.4858 8.3768 13.0227 12.0009 10.2592 9.1114 6.9894 6.1119 7.3457 7.8481 7.5530 7.9800 12.3487 13.7114 7.7349 6.0841 7.0285 11.6060
9999.0000 9999.0000 9999.0000 9999.0000 9999.0000 9999.0000 9999.0000 9999.0000 9999.0000 9999.0000 9999.0000 9999.0000 9999.0000 9999.0000 9999.0000 9999.0000 9999.0000 9999.0000 9999.0000 9999.0000 9999.0000 9999.0000 11.5356 10.9962 10.5790 10.1867 10.0590 10.9710 10.9984 10.2719 14.1677 8.3474 7.5122 8.0274 8.9969 8.8525 9.9569 11.2485 8.2364 7.2790 7.7235 11.6272 6.9335 10.3827 9.6508 6.8130 7.7823 14.0291 12.3968 7.4374 11.9393 9.0230 7.5386 6.6108 7.0191 6.0682 6.7062 7.8962 8.8998 10.4460 7.2768 6.1709 6.9873 13.0249
9999.0000 9999.0000 9999.0000 9999.0000 9999.0000 9999.0000 9999.0000 9999.0000 9999.0000 9999.0000 9999.0000 9999.0000 9999.0000 9999.0000 9999.0000 9999.0000 9999.0000 9999.0000 9999.0000 9999.0000 9999.0000 11.4971 12.7499 12.1514 10.7098 10.2945 11.0445 11.9576 10.7962 10.4548 11.6194 9.5071 8.5015 8.8499 10.5411 9.4158 13.2551 9.0845 8.5069 7.6591 11.0954 12.3661 8.2425 7.2423 7.8535 7.9884 6.4313 8.0038 13.6958 7.0384 7.1540 11.5215 9.4480 7.3977 8.5904 6.8898 6.1955 7.0486 9.7444 9.1786 7.1710 8.0866 9.3730 11.7029
9999.0000 9999.0000 9999.0000 9999.0000 9999.0000 9999.0000 9999.0000 9999.0000 9999.0000 9999.0000 9999.0000 9999.0000 9999.0000 9999.0000 9999.0000 9999.0000 9999.0000 9999.0000 9999.0000 9999.0000 10.0773 11.5723 13.0517 12.5968 12.0041 12.6020 14.1234 11.7636 10.8269 10.4140 10.4768 10.6274 12.4519 15.0119 11.7853 11.8017 13.0013 11.0632 9.6077 9.1727 11.4913 10.8490 7.9209 8.0088 7.7285 7.9558 8.6648 9.2853 12.8406 8.1604 8.0465 6.7192 8.4555 8.0971 10.9339 8.6856 7.2538 7.4252 8.8906 6.8647 7.1008 8.0269 9.4257 9.8102
9999.0000 9999.0000 9999.0000 9999.0000 9999.0000 9999.0000 9999.0000 9999.0000 9999.0000 9999.0000 9999.0000 9999.0000 9999.0000 9999.0000 9999.0000 9999.0000 9999.0000 9999.0000 9999.0000 10.3184 10.4320 11.8517 13.5356 12.8933 12.3930 12.1854 15.2134 11.1406 10.1318 9.3806 9.8257 14.3899 14.2286 12.9444 10.5800 12.0726 8.9805 11.4157 13.8742 12.3556 11.7142 12.8153 9.6873 10.4258 9.2876 7.7139 6.8058 9.4385 13.7299 7.1426 6.7948 6.5691 6.6571 6.9972 9.7956 10.4036 7.0020 7.0346 8.1685 6.5594 8.9530 9.8220 10.4278 7.0259
9999.0000 9999.0000 9999.0000 9999.0000 9999.0000 9999.0000 9999.0000 9999.0000 9999.0000 9999.0000 9999.0000 9999.0000 9999.0000 9999.0000 9999.0000 9999.0000 9999.0000 9999.0000 9999.0000 10.0911 10.6398 12.0278 14.1439 13.2023 12.7499 13.0527 12.0935 10.8186 9.7173 9.4413 8.8451 9.7544 10.3491 10.7233 8.4587 11.2519 9.4619 10.6362 11.4596 12.2497 11.8906 10.3742 8.2218 10.4162 9.9724 8.2012 8.0403 8.2315 15.8264 8.7615 9.4082 9.3009 7.4303 8.3748 9.8811 11.0737 7.5328 7.2009 7.3874 8.3341 7.7779 7.0278 7.6219 7.4694
9999.0000 9999.0000 9999.0000 9999.0000 9999.0000 9999.0000 9999.0000 9999.0000 9999.0000 9999.0000 9999.0000 9999.0000 9999.0000 9999.0000 9999.0000 9999.0000 9999.0000 9999.0000 9.8275 10.5027 10.8456 12.2264 14.5130 13.4765 12.7322 12.1883 11.0423 10.5793 9.7380 9.3614 9.3006 9.6252 9.3888 8.4876 8.0445 11.6220 13.3230 7.7258 9.8234 8.9940 9.7462 11.1779 9.3639 8.4967 9.8177 9.1810 9.0318 7.3413 12.0104 10.5305 7.3356 7.2706 6.8356 8.3785 7.2866 14.2346 9.0381 9.5253 10.0240 7.9004 6.2256 6.3040 7.4598 11.8772
9999.0000 9999.0000 9999.0000 9999.0000 9999.0000 9999.0000 9999.0000 9999.0000 9999.0000 9999.0000 9999.0000 9999.0000 9999.0000 9999.0000 9999.0000 9999.0000 9999.0000 9.9030 10.3848 10.7010 11.1138 12.0410 15.1552 13.2758 12.2287 11.7618 11.3197 11.1593 9.9053 9.5045 9.6522 10.0059 9.7799 8.8464 9.2442 12.4319 11.7454 9.5538 8.8500 7.5505 11.7498 10.4929 9.6856 10.1379 9.0736 8.1134 9.8454 10.7259 10.6839 9.4388 8.4388 8.7890 6.6653 7.0187 8.8724 12.0467 10.5882 8.6309 6.9107 6.7002 8.0186 8.3782 10.1823 10.2114
9999.0000 9999.0000 9999.0000 9999.0000 9999.0000 9999.0000 9999.0000 9999.0000 9999.0000 9999.0000 9999.0000 9999.0000 9999.0000 9999.0000 9999.0000 9999.0000 9999.0000 10.3048 11.2850 11.6455 12.1676 12.6148 15.5058 12.5129 11.6387 11.1555 10.7786 10.4383 10.4528 10.0499 10.4185 10.6251 10.5896 11.9041 10.5101 8.7351 11.6021 9.2150 10.7020 9.9619 11.7450 14.8928 10.7694 11.1542 7.4733 7.3155 7.6604 8.4422 14.2920 11.0087 8.8962 7.4184 7.6060 6.4770 7.4181 10.8117 8.0038 7.1051 6.5169 5.9977 7.4189 9.1161 9.5556 6.7533
9999.0000 9999.0000 9999.0000 9999.0000 9999.0000 9999.0000 9999.0000 9999.0000 9999.0000 9999.0000 9999.0000 9999.0000 9999.0000 9999.0000 9999.0000 9999.0000 11.8278 12.9688 13.5245 14.0238 14.2478 14.5137 17.3132 13.1565 11.3106 10.9199 10.8553 10.7247 10.8317 10.0872 9.8870 9.6735 9.6840 8.8693 9.2666 9.4371 13.7196 10.5742 11.1386 11.0135 9.5172 8.2356 8.5935 9.8717 8.0814 9.4282 10.4743 7.0985 9.6211 12.0402 8.2084 8.4924 9.5663 7.7995 11.3407 10.4848 7.8280 7.4759 7.8609 6.9782 7.2480 6.4981 6.3123 6.8957
9999.0000 9999.0000 9999.0000 9999.0000 9999.0000 9999.0000 9999.0000 9999.0000 9999.0000 9999.0000 9999.0000 9999.0000 9999.0000 9999.0000 9999.0000 9999.0000 11.6676 11.6361 12.0047 11.5428 11.4907 11.8554 11.9598 16.5370 16.5751 11.5024 11.1220 10.9679 10.8892 9.9764 9.5286 9.7275 11.5599 10.4842 15.8000 12.3117 16.3349 15.9087 11.4119 11.9074 10.1597 8.9713 9.1061 10.8340 9.6599 8.6709 10.5667 10.4851 12.6390 14.5228 9.3489 8.9002 6.9365 6.9010 10.9051 13.6837 7.9513 9.4415 8.3525 7.3260 8.8142 7.4198 8.2590 7.2821
9999.0000 9999.0000 9999.0000 9999.0000 9999.0000 9999.0000 9999.0000 9999.0000 9999.0000 9999.0000 9999.0000 9999.0000 9999.0000 9999.0000 9999.0000 9.0588 11.7999 13.3337 11.2691 11.4345 11.6695 11.5340 11.2849 11.4812 14.1111 17.9263 12.7375 11.2933 10.6477 9.6304 10.0780 11.1229 10.8172 14.1362 11.4759 8.3647 8.5771 9.3350 9.1918 13.5851 13.6377 11.5398 10.4646 9.8834 9.3964 9.8650 9.9605 10.9875 12.7568 12.1713 10.1762 8.3781 8.1759 6.7561 7.9050 12.4802 10.7835 12.0893 9.5117 8.5660 10.1682 8.5300 9.0144 7.7932
9999.0000 9999.0000 9999.0000 9999.0000 9999.0000 9999.0000 9999.0000 9999.0000 9999.0000 9999.0000 9999.0000 9999.0000 9999.0000 9999.0000 9999.0000 8.5465 11.0035 11.7343 12.6024 11.3861 11.5603 10.9686 11.0116 11.1032 11.1790 11.9338 16.3110 16.9569 10.6057 9.5349 10.4896 13.7514 11.3842 10.1574 8.5904 8.7209 10.2037 11.2498 13.2835 9.1636 9.5288 10.6734 9.9805 10.3381 10.5245 8.1037 8.4471 9.0473 10.3929 13.7099 9.4925 9.5832 10.2151 9.2835 15.1176 7.8443 7.5098 7.5123 8.3191 7.9549 10.9921 11.4233 12.8134 9.1197
7.6016 7.4675 9999.0000 9999.0000 9999.0000 9999.0000 9999.0000 9999.0000 9999.0000 9999.0000 9999.0000 9999.0000 9999.0000 9999.0000 8.6836 10.4646 11.3681 10.2133 9.8786 10.1190 11.1598 10.5297 10.7631 10.7684 10.7492 10.5810 10.5832 13.1474 14.4409 13.3703 15.1540 14.3938 8.8789 8.1575 8.5064 11.3292 9999.9000 9999.9000 10.1701 8.5390 7.6877 8.6163 9.7201 11.9982 8.6878 8.4042 9.0578 8.0012 8.2925 12.7281 14.0446 11.9998 12.4821 15.9912 7.9557 6.8841 6.9467 6.6670 6.5932 8.6472 8.5768 8.2993 11.6406 11.8163
8.6543 8.5017 8.2034 7.4644 7.7772 9999.0000 9999.0000 9999.0000 9999.0000 9999.0000 9999.0000 9999.0000 9999.0000 9999.0000 8.2478 10.9860 10.7905 9.3281 9.3169 9.7722 9.6268 10.4676 10.6551 10.5968 10.8473 10.8965 10.9831 11.3722 11.6288 12.7404 13.9533 9.7386 9.0573 8.9415 8.9022 9999.9000 9999.9000 9999.9000 10.5076 9.7094 8.4423 8.2695 8.4871 8.8030 8.1043 7.5698 8.7966 9.6388 9.1584 12.9760 13.0101 12.2604 9.8137 10.6063 8.2084 7.3311 6.9933 6.9041 6.5385 8.5600 6.7880 10.1399 7.6993 7.4806
10.0722 9.5428 9.6466 8.7962 8.7584 9999.0000 9999.0000 9999.0000 9999.0000 9999.0000 9999.0000 9999.0000 9999.0000 9999.0000 8.5123 10.0287 10.0186 8.1612 9.0936 9.1777 9.0295 9.9652 11.3536 12.3080 12.3862 11.8531 11.5554 11.2311 10.1905 12.0581 12.7231 11.4074 8.8870 8.4185 8.2581 9.6715 11.4162 9999.9000 10.0667 9.4577 9.3189 7.6030 9.6888 9.3092 8.1375 7.5871 8.5202 9.3282 12.2595 12.2023 11.2348 7.9562 7.8358 8.2231 10.5834 9.1171 8.1398 7.9621 7.3424 6.0394 7.1559 9.7072 7.0550 10.0735
