DTVGM_day/TopIndex/ylxmap.txt
ncols            426
 nrows            298
 xllcorner -545288.750000000000000
 yllcorner 4059981.250000000000000
 cellsize      500.000000
[rows 145 to 173 of 298, columns 64 to 127 of 426]
11.7724 10.0847 9.7113 9.2889 9.7514 9.5571 9999.0000 9999.0000 9999.0000 9999.0000 9999.0000 9999.0000 9999.0000 9999.0000 9.8077 8.6566 8.4966 8.3466 8.0021 8.1788 9.6529 10.8201 11.5289 10.8034 11.3145 12.5071 13.1534 13.8130 11.4803 13.7810 12.3387 9.2995 8.6473 8.4569 9.2455 8.9699 8.1872 8.5839 8.3217 11.2220 10.2562 8.6750 9.2560 10.4953 9.1759 7.5801 8.6691 9.3251 11.3221 11.5626 10.9932 9.2955 9.6986 9.4498 9.0637 8.4784 8.6216 9.3157 8.1293 7.1113 6.8638 7.3709 7.1938 9.3364
12.1470 14.4229 13.2673 12.7477 10.9085 9.0761 8.2651 8.3947 9999.0000 9999.0000 9999.0000 7.7772 8.3557 9.4047 9.4909 8.7779 8.8731 9.1053 8.0528 9.3578 9.6958 10.1870 9.3922 9.3510 9.5128 9.3787 9.4395 13.4119 10.8444 8.9636 12.5086 13.5661 9.9365 8.5869 9.7525 8.8473 9.3084 9.4680 7.5311 10.2448 11.7272 9.9769 7.6699 12.6402 7.7387 8.8907 8.6115 9.0134 11.5644 9.9919 11.2410 12.3771 10.2386 9.2494 7.5462 9.7233 9.2327 10.2001 9.2036 8.0996 7.3673 6.3790 7.0250 7.6416
10.0925 12.9882 11.2737 11.0478 8.4021 7.5274 8.2492 9.7500 7.6902 7.6763 7.5714 8.2593 8.5801 9.8345 9.9056 9.4787 8.9639 9.0068 7.7649 8.7680 10.6989 8.7585 7.8960 7.8302 8.0605 8.5106 8.8389 11.3268 11.6552 7.8011 9.2774 11.0796 9.9169 9.0691 9.5522 10.4388 8.8579 9.7456 8.4209 7.4489 11.1479 11.3431 9.5540 11.2143 7.5720 8.5334 9.3014 9.0564 14.3100 12.2902 11.2443 12.0279 9.9542 8.7898 8.3899 10.7859 7.3774 10.1140 11.5601 9.4694 8.4513 7.6824 6.4410 7.7608
9.8723 10.6576 11.9007 12.4336 10.2277 7.5547 7.0534 10.5117 11.0209 9.2799 8.3306 9.1217 10.4130 10.1060 10.4058 13.3390 9.9231 9.3160 8.5675 8.4043 9.3027 8.3553 8.5755 8.4735 7.8648 8.6602 9.2105 11.3696 9.1048 8.9208 9.6597 12.9237 9.8093 9.4465 10.3715 10.6037 8.3529 11.3783 8.8088 8.1374 7.9952 16.3817 12.4376 8.5904 8.5268 8.5746 9.1891 10.4030 15.8628 10.4125 9.7287 8.6192 7.8262 8.4396 10.1983 7.5159 9.2408 6.9044 11.0081 10.8035 9.0928 8.0587 6.6664 6.3238
9.9543 10.3506 10.6989 12.3625 15.5454 8.6760 7.8474 8.2525 11.6876 11.0373 8.3949 7.4645 7.9360 8.7655 9.7897 11.7592 11.0307 11.2296 11.1828 9.4383 8.2669 8.5058 9.0392 9.8177 8.5158 8.6811 9.1814 8.0871 9.0853 8.5096 8.4697 14.4796 10.2308 9.1548 9.4324 10.9534 9.4792 10.0629 8.9131 8.6761 8.6316 12.8157 10.4367 7.6040 8.9554 9.1007 9.6653 12.5888 11.4304 9.7619 9.3394 7.4785 8.9001 12.8048 11.4224 8.3383 10.7161 7.3659 9.5859 12.9877 9.6228 8.4357 8.1323 6.9160
8.9913 9.4685 10.6925 11.3725 17.0687 9.4323 7.2875 6.9111 8.1418 12.2414 9.0712 8.4254 10.3209 9.0607 7.4767 8.5754 9.0256 11.9859 12.9648 10.3782 9.2555 8.5456 8.8407 10.5017 10.0817 9.0970 9.3498 9.7823 10.6011 9.5598 9.3597 11.9596 11.4107 9.6672 9.6203 15.5107 11.1291 11.6221 9.8074 9.3720 8.8518 12.2015 10.5081 8.6345 8.5352 9.5910 13.1228 10.8990 9.5708 8.9967 9.9078 8.5172 11.0473 12.2073 12.5786 9.0587 9.4152 9.2985 12.0287 8.4224 8.5237 9.5316 8.7478 8.1739
9.9300 10.9988 10.4931 12.7732 12.4992 13.2941 7.9487 6.6750 8.2623 11.7025 13.1064 9.6365 8.0523 7.3819 7.2983 7.9669 8.4607 12.2764 10.8154 11.9775 11.7369 10.2672 9.7772 9.3015 10.7009 11.4219 11.1152 13.6303 15.6667 16.5036 13.2109 10.9857 11.8433 8.1439 6.7974 8.3115 11.0986 11.2526 10.9751 10.9419 10.9144 14.5729 9.4640 8.7133 9.3481 12.1389 11.4584 11.2172 8.6177 8.7149 9.0894 9.6278 8.9102 10.8655 10.8335 7.8537 11.9332 8.2133 17.0400 11.7699 11.9684 11.4634 9.9574 9.1911
9.8875 9.2119 9.5458 10.1972 11.1261 14.1624 11.1494 6.9367 6.9132 7.5849 10.1726 12.2843 8.5021 8.4316 8.2319 9.0480 9.6056 10.4156 8.8643 10.3389 13.2785 10.4961 9.9837 13.3785 11.4632 11.7442 12.0631 13.2498 11.7684 9.9016 9.6146 10.9261 9.2643 7.3057 7.8715 7.4430 8.8885 12.7759 13.1731 11.7193 16.5510 14.0864 10.4743 10.1194 11.7104 13.3718 10.7303 9.3183 8.0937 8.3218 8.4769 10.4238 11.6610 12.6628 11.0909 8.4939 13.1512 12.7921 12.6401 10.3542 10.9530 10.5076 10.7861 9.7222
7.1536 8.1812 8.5316 9.0878 9.5488 9.8615 14.5376 8.4063 8.3982 7.9890 7.1359 12.0346 11.0492 8.8701 8.5067 9.3387 8.5234 10.0569 8.3366 8.7112 11.1451 10.0561 11.1641 11.5100 10.8428 11.9455 13.0018 13.5001 9.7594 8.5423 8.0051 11.6917 10.2045 7.6851 8.9184 8.8397 13.2988 14.0179 11.8491 11.2326 10.8185 11.9759 12.3913 10.8861 10.3150 9.5243 11.8723 8.5619 7.9723 8.6609 9.1867 12.3712 12.3737 11.8356 9.1117 7.3333 8.0394 11.2267 8.0319 7.7791 7.8656 7.5410 7.9028 8.1917
6.6451 7.1187 7.3172 8.2313 8.9743 9.3251 12.7940 11.6635 9.2337 8.9872 8.7952 10.0427 11.6261 10.6247 8.2879 9.6881 9.0820 9.7155 9.7070 9.8107 12.6394 11.6015 11.0331 10.0060 9.2163 8.1066 16.2146 7.9436 8.3213 7.6368 8.4500 10.7869 8.9137 7.3078 8.2243 8.6715 11.9525 9.1964 9.7808 10.3523 9.9616 11.6143 13.4325 12.3472 10.6210 10.3091 9.9805 9.5157 9.5875 10.7255 11.6762 11.1402 10.2605 10.3453 8.7742 8.9422 12.6760 9.0099 7.8420 7.8696 7.3165 6.7283 7.0489 6.8426
6.9632 6.5849 6.9413 7.8648 9.2912 10.4523 11.7182 13.2546 10.9711 9.0824 11.8644 10.9137 12.5901 13.0994 12.4922 12.3146 12.5137 15.7827 15.7698 12.5539 10.8395 11.4970 10.6667 9.3673 6.7752 9.2600 13.9284 8.2788 8.0682 7.7777 10.8606 9.4911 8.0134 8.1976 7.5027 12.0947 11.5642 8.8809 8.5030 10.1589 12.9996 12.3609 13.5863 13.1058 11.2497 9.4977 8.4128 9.5921 10.1643 9.6938 9.0271 10.5323 10.1650 10.4390 9.7118 12.1616 12.9615 9.0861 8.8297 8.2635 8.9547 8.0232 7.5572 8.9805
7.7948 7.1387 7.6363 8.4744 8.6473 10.4345 12.0937 12.5862 12.0459 11.2627 11.5665 12.2161 12.6111 12.1130 10.6561 12.6980 15.2572 9.6642 9.2112 11.3042 8.5449 8.0815 9.1640 8.6410 7.1043 14.7993 9.5719 9.3328 7.8126 8.3653 9.8702 8.1924 8.0306 8.6485 11.8646 11.0824 8.0728 8.5570 8.5744 15.7854 12.1572 10.3299 11.1502 15.4608 12.5443 8.5870 8.2352 9.7646 10.7247 10.0989 9.5697 9.9742 11.0300 11.0897 11.2485 11.3599 9.6271 8.6285 8.2967 9.7926 8.1859 8.5854 8.2173 8.7931
9.0369 10.8764 11.0211 11.8427 14.4841 12.0708 11.1090 10.4094 10.6915 11.2603 11.5709 9.8645 12.4478 13.9552 11.0887 8.7908 8.5655 6.9921 7.2181 9.9137 7.7504 8.2520 8.8712 7.9893 8.3493 13.5244 8.1495 9.3149 8.6479 8.4932 8.5178 8.1612 8.2655 12.5728 10.1187 10.4331 9.0070 8.4393 11.1714 13.1748 7.8460 10.3559 9.7501 9.8348 12.1546 10.6733 11.9863 10.6186 11.3386 13.9342 11.1858 10.8663 13.2767 11.8639 11.4348 11.0633 9.9724 8.8816 9.9348 8.8005 7.1536 8.9015 9.7419 9.1040
10.3925 11.2683 11.5126 12.3489 11.4839 9.5917 8.4417 9.0557 8.6702 8.4795 8.4838 8.6161 7.5521 9.9002 14.0169 7.5260 7.8060 7.0850 10.1546 11.5743 8.2097 8.8654 8.1610 8.4157 9.7802 15.5861 8.0713 8.1630 8.1065 7.2652 7.5174 8.0019 11.4060 9.0514 8.5838 9.1547 9.0457 10.6058 12.2787 9.8847 8.5931 10.2322 9.5364 8.6715 10.5932 12.1559 12.8923 12.4264 11.9670 13.0409 12.1948 12.4250 12.8357 12.6792 12.7681 10.8697 9.5447 9.4743 9.5908 8.0871 8.1233 8.7756 9.1666 9.9468
10.9210 12.9080 15.1784 10.6760 9.0179 9.3017 8.0523 9.2991 7.8212 7.7514 7.8208 7.8089 9.1844 11.0795 9.1028 8.8889 8.3483 9.4262 11.0564 9.7509 8.3914 7.8699 7.6425 7.9780 8.5216 15.1456 9.0620 8.7336 7.7628 6.7264 7.3568 10.5699 9.4718 8.3858 9.0007 8.5323 9.5245 16.9503 8.7047 8.3582 8.1904 9.3658 8.1380 7.4258 6.8689 12.4790 12.7452 10.0718 9.9940 10.4681 12.5170 9999.9000 11.7347 11.3422 11.5314 11.7416 9.8693 9.5295 9.1432 9.5462 8.0528 9.6740 9.0673 9.7813
8.7263 8.7664 12.6624 9.4622 7.2346 8.7928 7.6947 8.6527 7.8820 7.4268 8.0746 9.6101 13.9471 9.3630 7.9700 7.1416 7.6410 10.3748 11.7811 10.9022 8.3547 8.2043 7.6748 7.9632 9.1264 13.3745 9.4957 8.7302 7.7669 7.5469 9.7447 8.5088 8.0857 8.5182 8.4073 9.0987 12.0325 9.4134 7.4487 7.3234 7.6873 8.9503 8.7451 16.5228 14.9549 8.3852 9.1343 8.9281 8.3229 11.1263 10.8568 12.8775 9.8215 10.4468 11.7509 11.1190 9.8561 10.3915 10.3746 9.3950 9.3211 9.8316 9.2204 9.7614
7.1844 7.0112 12.5741 9.1324 7.2020 7.9400 7.3866 7.9723 8.7424 7.7469 8.3164 10.8130 10.6595 8.5435 7.7803 7.5505 8.2086 12.8738 10.0889 9.8534 9.6610 7.9101 7.1241 7.4723 8.3010 12.7816 8.4583 8.6834 8.5338 7.1370 7.6650 7.3474 8.6270 8.9839 9.1507 12.5021 9.3376 7.6116 8.2919 7.6929 8.1314 9.0573 12.5311 14.5282 10.2433 6.9759 8.9109 8.5624 8.9206 9.6700 11.8258 8.4398 11.0933 12.1837 12.8807 12.1721 10.0097 10.0022 10.4807 9.6347 9.6679 10.0030 9.8345 10.0818
6.3892 7.2845 15.2838 9.8430 7.5065 6.9529 6.9987 7.9715 8.8460 9.9181 9.2700 11.0462 14.6816 8.3529 7.4264 7.7731 12.0426 10.5911 9.1431 10.2705 9.7127 9.0436 7.7585 7.5090 8.2262 13.9021 8.7918 7.7211 7.8454 7.1005 8.2488 8.9660 9.1630 9.3360 11.3732 10.9533 7.4897 7.1714 7.8168 9.9120 13.8464 14.0172 9.8907 11.6246 9.5289 8.0973 8.7541 7.3746 8.0928 10.2687 13.6611 13.1808 9.8960 11.1657 12.7487 12.4006 11.9208 10.8558 12.3210 9.8127 10.7843 10.3807 9.8200 10.5905
7.6993 9.2912 14.9042 8.8868 8.3003 7.7815 6.4819 7.1039 7.5818 8.0264 8.0142 9.2132 12.3094 8.5370 8.8203 8.7711 11.1024 11.2225 10.0804 9.6753 9.5743 9.0965 8.1742 7.6225 8.3383 12.7625 9.5215 7.4583 7.3141 6.5507 6.8708 7.6101 8.6920 10.1119 12.1721 9.5432 7.6777 7.5163 9.4654 13.2921 9.8345 7.7351 8.1567 12.4347 8.6567 7.3357 7.6048 7.8251 9.9807 11.3666 8.6371 9.7015 11.0419 11.1627 9.0715 10.5971 16.2747 14.6543 12.1381 15.3652 11.5880 11.1082 10.8778 11.3509
9.4059 12.5540 11.7938 7.6996 6.7217 6.9140 6.9051 7.2728 8.1630 7.6951 8.7554 9.9019 16.6660 10.9263 10.0910 8.6400 13.7464 8.8426 9.4279 7.7282 11.0345 8.0930 7.1685 7.2440 7.6783 10.1584 12.8866 8.2740 8.3526 6.7167 7.0992 8.1225 10.7744 12.5161 9.4222 8.0680 7.7937 7.4749 13.2167 9.2548 8.6770 8.7249 8.1270 12.0306 9.7203 8.4900 8.1740 7.9326 10.5298 10.3342 7.3858 6.8328 7.6199 10.5001 10.1195 11.3165 11.4904 9.7962 9.4693 8.1296 11.8776 10.6737 10.6616 11.2055
10.8826 9.6794 10.0453 11.8123 8.0502 7.6294 7.6793 7.6187 8.1041 9.1602 10.2140 14.0516 9.2287 7.8478 7.8161 13.5726 9.5893 9.7258 8.5991 7.2254 8.7817 10.7044 7.1868 6.9027 7.8764 10.4367 12.5991 9.4532 7.7148 6.9831 8.4587 10.9837 11.2260 7.3227 8.7961 9.7649 12.1851 12.4700 9.3618 8.2854 8.5243 8.3848 8.6697 12.0251 9.8188 8.8836 8.7069 10.4760 10.4981 8.0659 7.2205 7.0283 10.5529 13.9807 12.3725 10.1128 11.0332 10.8929 10.5301 7.5777 9.6124 9.4815 10.3078 9.9161
9.1974 7.5336 7.3428 11.0759 8.3331 9.3907 9.6932 10.9158 10.6808 10.5349 11.4165 14.6396 8.3363 6.9949 8.0504 9.5043 9.2825 9.4992 7.3300 7.1283 6.3780 10.2648 8.4110 6.6596 8.1384 10.2536 10.1462 7.8862 7.7069 6.7600 8.8956 10.8775 7.0170 7.4512 11.5000 12.4667 9.4359 8.6617 8.5722 9.6054 10.0441 8.3312 9.4280 11.7598 7.8472 7.3458 9.9161 8.7389 8.5866 7.2507 6.6994 8.2930 11.0652 8.6388 10.7895 12.8858 10.9629 10.8197 8.6105 7.5175 9.1850 8.0013 8.8277 8.5977
8.3066 8.3938 7.0791 10.5203 9.2953 9.3291 8.8913 7.8845 7.2446 9.3947 11.1752 9.6967 7.4678 6.5968 7.9602 11.3449 9.7357 9.7065 9.6132 8.7575 7.3063 6.9057 7.4617 7.3381 7.9499 8.9326 9999.0000 9999.0000 9999.0000 8.1825 11.3353 7.2771 9999.0000 9.1166 10.3609 9.2638 6.4945 7.7353 8.5853 8.6266 8.8317 9.1179 10.6733 12.6187 7.8125 7.7533 7.4579 7.1308 8.3008 7.6535 8.5887 11.8127 7.1225 9.1302 10.3590 9.8534 8.6114 10.1908 11.0289 10.0446 8.3340 8.0269 7.5440 9.6585
7.5893 8.4080 6.5535 8.7983 7.4976 7.4057 6.7222 6.6807 8.1053 9.1006 12.2370 10.2129 8.5248 9.5930 11.3942 13.0697 9.0460 9.3166 10.6558 10.4086 8.9131 7.3324 6.9560 9999.0000 9999.0000 9.1396 9999.0000 9999.0000 9999.0000 9999.0000 9999.0000 9999.0000 9999.0000 9.0715 9.8130 8.5252 9999.0000 9999.0000 9999.0000 9999.0000 10.4988 10.3427 9.5642 10.5565 8.2314 10.9436 8.9269 7.5362 7.3405 8.6664 12.5024 7.2625 7.8670 10.9527 12.2048 8.2850 10.0705 8.9182 9.9848 9.6988 9.2224 7.6546 7.6643 10.7126
7.6353 7.3665 6.1849 7.4623 8.8058 9.9606 7.2642 8.0286 9.4808 10.4051 12.8049 9.4671 9.0300 14.5982 10.6853 11.7601 7.8584 9.1053 12.2271 11.5285 15.6944 9.3845 8.4103 9999.0000 9999.0000 9999.0000 9999.0000 9999.0000 9999.0000 9999.0000 9999.0000 9999.0000 9999.0000 9999.0000 7.2796 7.7084 9999.0000 9999.0000 9999.0000 9999.0000 9999.0000 9.1205 9.2304 8.0617 8.6672 7.6130 9.9011 9.8071 7.4177 7.7455 10.2098 13.0610 11.3416 11.2181 13.6153 8.4065 8.6075 8.2970 8.7991 7.8633 7.6342 7.6325 8.5351 11.5051
7.7637 6.9513 7.0920 6.8432 6.6624 8.6575 11.2542 11.3361 12.2932 17.1423 9.8072 9.0930 12.6037 10.0758 7.0633 11.9207 8.8869 7.7597 7.1185 9.2942 12.9117 12.0958 9.0100 9999.0000 9999.0000 9999.0000 9999.0000 9999.0000 9999.0000 9999.0000 9999.0000 9999.0000 9999.0000 9999.0000 9999.0000 9999.0000 9999.0000 9999.0000 9999.0000 9999.0000 9999.0000 9999.0000 8.0214 7.7529 8.6389 8.4934 8.5354 12.2576 10.6819 11.5736 11.3792 9.2377 10.1869 11.4267 12.8919 8.4474 7.7963 9.7508 9.5948 7.8138 7.0720 7.3763 10.5340 12.9645
6.0410 7.9108 11.0031 8.2147 7.8030 10.7023 11.5994 10.2397 12.2326 8.5792 7.2746 8.0929 9.4488 7.3956 6.4294 8.4953 13.4835 8.4460 6.5570 7.7440 11.0107 8.4438 10.0006 9999.0000 9999.0000 9999.0000 9999.0000 9999.0000 9999.0000 9999.0000 9999.0000 9999.0000 9999.0000 9999.0000 9999.0000 9999.0000 9999.0000 9999.0000 9999.0000 9999.0000 9999.0000 9999.0000 7.2884 7.8113 7.9391 9.2820 11.3583 15.1182 12.4167 12.0982 9.4610 8.7798 10.1616 10.9143 9.2745 15.8000 10.5449 10.7259 12.8806 10.9785 8.7483 8.1951 9.7419 12.6802
6.9212 7.5565 7.5049 8.8501 11.3930 10.4743 13.4575 10.7679 10.0403 6.4289 6.5537 8.6543 10.7840 7.7301 7.0336 8.4464 10.4991 9.3593 7.2407 6.7332 12.6365 6.9514 6.8816 9999.0000 9999.0000 9999.0000 9999.0000 9999.0000 9999.0000 9999.0000 9999.0000 9999.0000 9999.0000 9999.0000 9999.0000 9999.0000 9999.0000 9999.0000 9999.0000 9999.0000 9999.0000 9999.0000 7.0695 8.0021 10.0804 13.3576 8.5953 7.3713 7.9983 13.2840 8.4335 9.0091 10.1662 8.8509 9.9709 13.5707 11.9042 8.7304 8.2430 10.0136 14.5606 7.9874 8.8801 10.8385
6.8313 7.8361 7.1525 8.9842 10.3396 10.2150 12.3436 8.0681 9.2741 6.4384 7.5595 9.6092 15.0073 7.7047 7.2329 9.0661 11.3617 9.0510 7.5680 6.7879 10.9870 9.7504 9999.0000 9999.0000 9999.0000 9999.0000 9999.0000 9999.0000 9999.0000 9999.0000 9999.0000 9999.0000 9999.0000 9999.0000 9999.0000 9999.0000 9999.0000 9999.0000 9999.0000 9999.0000 9999.0000 9999.0000 7.8708 9.6910 11.8738 8.0954 7.0526 7.1780 9.9794 13.0982 7.9329 7.6836 9.4244 8.2581 8.8216 11.9962 9.2498 8.5719 7.3502 7.8633 11.2912 11.0897 9.8639 12.0173
