DTVGM_day/TopIndex/ylxmap.txt
ncols            426
 nrows            298
 xllcorner -545288.750000000000000
 yllcorner 4059981.250000000000000
 cellsize      500.000000
[rows 87 to 115 of 298, columns 64 to 127 of 426]
9.6096 10.6629 11.3267 12.1807 13.5678 14.3262 12.5179 11.5905 12.4639 12.7771 12.7233 12.7564 13.0503 13.4801 13.0398 11.5925 11.8067 10.9345 11.3978 11.5173 12.9884 13.4978 14.2279 14.7037 9999.9000 9999.9000 9999.9000 9999.9000 9999.9000 9999.9000 9999.9000 9999.9000 9999.9000 9999.9000 9999.9000 11.6175 10.3946 10.9427 11.2775 12.5995 11.3394 11.5891 12.3817 16.0647 15.6622 9999.9000 13.7923 13.0571 12.3307 11.0688 11.6271 12.5213 10.6429 10.8064 10.8024 9.7694 11.8672 12.6085 12.2786 9.8508 9.7393 9.6444 8.7751 9.3031
10.0665 11.7209 12.1361 13.1387 13.0093 12.3574 11.1180 10.7347 11.6682 12.9993 12.6947 12.7627 13.1123 13.1431 12.1341 11.3964 11.3088 10.8397 10.9460 11.1613 11.9754 13.1944 14.1403 13.9015 14.0414 9999.9000 9999.9000 9999.9000 9999.9000 9999.9000 9999.9000 9999.9000 9999.9000 9999.9000 9999.9000 11.3299 10.5131 11.1034 12.3096 11.7230 11.6601 12.5864 13.9927 13.2922 13.2197 12.1516 9999.9000 13.2294 12.5213 12.1738 12.6983 12.3031 10.6590 11.1296 11.5329 12.4348 12.8340 12.4767 9.8333 10.2723 9.3597 8.3031 8.2496 10.4629
9.9565 12.5793 12.7561 12.5592 12.2303 11.7628 10.9230 11.1525 10.9098 11.0520 11.9253 12.4269 13.1325 12.4260 11.6595 11.3906 10.6034 10.5184 10.6530 11.4003 12.2452 12.6854 12.5869 13.4853 13.8066 14.0798 9999.9000 9999.9000 9999.9000 9999.9000 9999.9000 9999.9000 9999.9000 9999.9000 9999.9000 11.1068 10.6603 11.6258 12.4456 11.2538 12.7826 13.5733 12.2741 10.3354 10.8306 12.0333 14.3053 9999.9000 9999.9000 9999.9000 13.4921 14.2908 11.7375 11.8632 12.3728 12.8090 12.8298 12.0632 8.8801 10.9311 9.7586 9.1506 9.3550 10.4758
11.3077 11.9850 10.5714 11.6871 11.9282 11.3901 10.6960 11.2222 10.5573 10.2383 11.2839 12.2899 11.5812 11.5588 10.3208 10.8903 9.3768 10.2141 10.7775 11.7898 12.5320 12.5258 12.5891 12.7484 13.5323 13.9053 15.0190 9999.9000 9999.9000 9999.9000 9999.9000 9999.9000 9999.9000 9999.9000 9999.9000 10.9815 10.7584 12.7431 11.2476 12.5786 12.8650 11.3792 10.7587 9.7888 10.3331 13.3897 12.3785 13.2830 9999.9000 9999.9000 15.1216 13.1329 13.0602 13.3372 12.7469 12.7902 12.2338 10.6819 9.2850 9.9759 11.1362 11.8196 11.0570 11.0516
11.7412 10.6922 9.4068 10.0819 11.2569 9.7383 9.2834 11.3032 9.2287 10.0812 11.6480 12.3702 10.9935 9.9541 9.1285 9.7978 7.9586 9.3272 11.1064 12.1438 12.7356 12.6218 12.7992 12.7617 12.5767 14.4327 13.5007 9999.9000 9999.9000 9999.9000 9999.9000 9999.9000 9999.9000 9999.9000 9999.9000 11.1760 12.4073 11.4579 12.0247 11.8644 10.8397 10.6043 10.5130 9.6498 10.5126 10.4079 12.0136 11.9809 9999.9000 9999.9000 9999.9000 9999.9000 13.8344 13.7640 13.6478 12.1620 11.6810 10.5739 11.4992 12.1242 11.4099 10.9380 10.7851 10.1730
10.3963 9.7703 9.8582 11.8265 10.1553 11.0991 11.5158 10.2318 10.2473 10.4516 11.6957 12.3230 11.7559 11.8486 10.9946 10.2625 9.1445 8.3728 11.2069 12.3703 12.8726 12.8421 12.8487 12.4882 12.3068 11.5798 12.2367 12.8883 14.2773 9999.9000 9999.9000 9999.9000 9999.9000 9999.9000 9999.9000 12.3579 11.1049 10.9521 10.9066 10.2130 10.1088 10.2311 10.1303 9.6421 10.0123 9.5710 10.3991 11.9349 15.1510 9999.9000 9999.9000 9999.9000 9999.9000 14.1333 13.8413 15.4442 12.5298 11.8236 12.1884 12.0259 11.3420 10.6990 10.0465 9.8635
9.2054 9.3660 7.9306 11.1232 8.8956 10.4032 11.5984 7.6687 11.3927 12.5838 10.1121 10.1508 13.4992 11.4872 8.4018 9.0838 11.4021 8.9444 11.7959 13.6755 12.7752 12.7697 12.5285 11.1803 9.8941 10.2509 11.0593 13.5771 13.9848 15.9675 9999.9000 9999.9000 9999.9000 13.6564 11.1916 10.3600 11.3227 12.7446 11.5484 10.9815 10.5959 10.2595 10.0081 9.4840 9.5701 9.6370 10.3971 14.3381 12.5089 13.3983 14.2851 9999.9000 9999.9000 9999.9000 15.9709 14.0947 13.1974 12.9139 12.0715 11.7053 10.9745 10.8447 11.0042 10.7589
8.1815 9.5787 8.2643 11.5523 9.5851 11.4439 8.7439 7.2452 12.3969 11.5915 9.9198 9.5263 10.6492 9.8551 7.7418 8.4121 10.2455 10.6428 12.0250 12.8901 13.2394 11.8069 10.8249 9.6595 9.1515 9.2584 10.9460 12.5431 15.4401 13.0079 13.1354 13.9216 14.8577 14.9333 11.5429 8.3779 7.8335 9.9055 12.1169 9999.9000 9999.9000 9999.9000 9999.9000 12.7155 10.1770 9.3672 9.8950 10.2619 12.1565 13.3538 11.7854 11.8134 12.2961 12.9782 9999.9000 9999.9000 13.4136 12.9511 12.0112 10.3809 10.7315 9.9853 9.9305 10.1404
7.8387 8.7200 7.8068 10.6634 8.3627 14.4157 8.9899 7.3441 12.4764 8.1338 8.3791 8.4354 10.2777 10.0305 8.9576 10.0298 12.6798 10.9304 11.6008 12.0192 11.7560 10.4270 9.8031 8.2252 7.8274 9.1260 12.3526 11.6046 10.7505 12.5235 11.9598 13.5724 14.7451 14.7010 13.2440 12.2812 9.7459 10.5327 12.3475 9999.9000 9999.9000 9999.9000 9999.9000 9999.9000 12.7155 9.4710 9.9651 10.5717 10.8686 10.2273 10.6797 11.1111 11.5709 12.5118 13.5994 9999.9000 9999.9000 12.9904 13.3577 10.3569 9.9942 9.3580 9.9893 9.6949
7.9577 7.1540 7.6273 11.6308 7.0956 12.1622 8.5848 7.5751 14.3467 8.0006 7.6266 9.0802 10.6747 11.2283 7.4289 9.7167 9.3010 9.6913 11.0210 11.9788 11.6442 11.4376 11.4875 9.3798 9.1181 13.9290 10.8309 9.5474 10.9074 11.3614 11.8579 13.0763 13.0602 12.4609 12.4040 14.6422 13.7845 13.3163 9999.9000 9999.9000 9999.9000 9999.9000 9999.9000 9999.9000 9999.9000 10.9239 10.0135 10.0491 9.9192 10.0977 10.2502 9.6085 10.3785 12.8192 13.9337 14.3339 9999.9000 14.1283 12.0340 11.2734 10.7768 9.8613 9.2367 9.5070
6.1459 7.3262 10.4767 9.5383 7.5244 10.0775 7.5487 6.8429 13.1934 8.3055 7.5154 8.8849 9.7152 13.1385 7.9647 9.3842 9.7189 10.3019 9.3533 12.2400 11.6180 10.5854 11.6983 10.2857 13.0963 13.1308 7.4923 9.9683 11.1927 11.1729 12.6805 13.1046 12.9266 12.1859 12.3067 12.5937 13.8663 14.3608 15.0224 14.4276 13.1632 12.6504 12.7276 13.1233 13.5939 13.8141 10.9811 9.5954 9.6810 9.8681 9.4320 9.8662 11.1475 13.1128 13.8017 14.6833 15.6357 9999.9000 9999.9000 11.8357 11.6824 9.8193 9.9991 10.1909
7.0886 8.5193 9.7321 7.3647 10.0666 10.3210 7.7336 7.3165 12.2060 7.7214 6.5718 9.4210 8.8655 10.5298 8.5089 7.8532 8.1725 8.7739 9.0345 11.5177 11.8964 10.6807 12.1283 11.2926 11.6638 9.1281 7.9162 10.0330 10.9479 12.2071 12.7278 12.8867 12.7811 12.2608 12.4758 12.8672 12.8659 13.9713 15.4480 13.5380 12.4595 11.6602 12.0000 12.6642 12.9119 13.7344 15.1546 12.2047 10.0304 8.9356 9.6176 10.1737 11.9699 13.7265 13.6017 15.1662 15.3588 9999.9000 9999.9000 12.5991 11.9075 13.0179 10.3439 9.2196
6.7690 7.6202 8.1821 10.6399 9.9386 11.5436 7.6965 7.1000 14.7372 8.6555 6.3294 10.5303 6.8830 8.5486 10.7596 7.1729 7.2771 7.3521 8.1052 16.0327 9.2620 9.3814 9.5665 10.0087 10.5996 11.3572 9.6708 10.0061 11.4914 12.2362 12.6427 12.9355 12.4705 12.4775 12.8553 12.6880 12.8889 13.2524 12.7165 11.9945 11.6154 11.1518 11.6502 11.3852 12.2928 14.3437 13.3148 12.4408 10.6391 10.2871 10.3266 10.5827 13.3025 14.2058 14.1325 14.4526 14.8436 15.6597 9999.9000 9999.9000 13.6802 11.8596 11.1436 10.9062
9999.0000 9999.0000 7.3272 9.8530 8.7770 9.7426 7.8986 6.7108 12.8958 7.8995 7.0693 12.2383 6.6720 7.9467 10.6933 7.6467 7.0754 6.3578 7.6938 15.9805 7.4027 8.3742 8.9027 8.8923 9.5086 8.9577 10.3658 9.7821 10.3517 12.3536 12.6726 12.9648 12.5068 12.8964 12.5454 12.5154 12.9278 12.5249 12.4065 11.8768 11.5586 11.1391 11.6938 11.5906 11.7143 11.6921 12.7406 12.0405 11.5019 11.3646 12.2503 14.8253 14.6748 13.9330 13.5563 13.2904 15.0588 13.6921 9999.9000 9999.9000 9999.9000 11.8370 12.1922 12.0734
9999.0000 9999.0000 9999.0000 9.0439 7.8010 8.2324 7.2334 7.9093 11.7841 7.2736 6.6650 9.7551 7.1399 10.2134 12.2728 7.5239 7.0100 7.8465 9.0362 12.7018 7.1868 7.7328 7.7548 8.0440 8.7416 8.6688 9.6839 9.7363 10.1114 13.0263 13.9288 12.8454 12.7430 12.7130 12.2251 12.4834 12.5704 12.1876 12.2079 11.6004 11.2973 11.1344 11.5831 11.6932 11.6253 11.2505 11.6872 11.8806 12.7164 13.7238 15.6377 13.6443 11.4705 10.8753 10.6197 10.3680 10.5325 12.4411 9999.9000 9999.9000 9999.9000 9999.9000 12.8391 12.5497
9999.0000 9999.0000 9999.0000 7.7934 6.8824 7.1568 6.7913 7.7034 15.0845 7.8826 6.7866 7.7915 7.2461 14.7924 8.9035 8.9221 6.9760 7.0671 8.2695 13.2035 8.5033 7.0640 6.6285 7.2051 7.9243 9.0053 9.0606 9.2331 10.2508 11.2981 12.5011 12.9346 13.6278 11.7617 11.9850 12.3192 12.1745 11.9723 12.0297 11.4282 11.1244 11.0476 11.6604 11.8150 11.6787 10.9165 11.5240 12.8109 14.0695 14.8595 13.1254 10.4344 10.3160 10.2601 9.9397 9.9077 10.6922 11.6447 9999.9000 9999.9000 9999.9000 9999.9000 13.0867 12.0785
9999.0000 9999.0000 9999.0000 9999.0000 9999.0000 9999.0000 6.2855 7.5844 11.2501 8.1987 7.5319 7.1873 9.7838 11.4420 7.0401 6.9885 6.8407 7.3152 11.0792 12.4912 6.9872 6.9473 6.1830 7.4178 10.0026 9.9896 9.5634 9.5172 9.9693 11.0559 12.5401 11.9744 10.8020 10.7241 12.2202 12.0969 11.7484 11.8717 11.8839 10.9747 10.8300 10.9986 11.5583 11.9303 11.5155 11.3005 13.1810 14.9152 13.1954 12.8482 10.7891 10.0218 9.9880 9.7351 9.9116 10.4290 11.2479 12.3791 14.4942 9999.9000 9999.9000 9999.9000 9999.9000 11.5151
9999.0000 9999.0000 9999.0000 9999.0000 9999.0000 9999.0000 6.9155 9.2322 10.2489 6.8086 6.7182 8.9127 8.9875 11.5502 7.0371 6.3427 7.6617 9.3079 9.9219 13.2596 8.0143 7.6878 6.8573 8.2383 10.1663 7.1665 7.0645 8.0120 8.6770 13.0296 13.0364 9.7204 9.4943 9.8139 11.0872 11.3238 10.9065 12.4204 11.7995 10.7127 10.4739 10.5493 11.4408 12.2466 11.7187 11.6179 13.0128 12.6594 12.9056 11.0677 9.0325 9.4119 10.1550 10.0856 10.7221 11.0929 11.7935 13.7022 14.9063 9999.9000 9999.9000 9999.9000 9999.9000 9999.9000
9999.0000 9999.0000 9999.0000 9999.0000 9999.0000 9999.0000 9999.0000 7.8955 6.7755 9999.0000 9999.0000 7.6819 8.4646 11.0175 7.4301 6.3210 8.1331 8.9041 7.8611 13.2633 8.9954 9.4458 6.7885 7.6973 8.7589 6.6147 7.5454 8.3303 12.2224 13.8852 9.0625 8.4386 8.7729 9.2104 10.9393 10.9002 10.2810 10.9819 10.1712 8.6800 9.0978 11.1685 9.9029 12.9995 11.4099 11.9396 12.5309 11.4040 11.5782 10.3055 8.0015 8.5272 11.0067 10.6728 11.0209 11.8057 12.1722 14.8422 12.8164 11.9928 12.6830 9999.9000 9999.9000 9999.9000
9999.0000 9999.0000 9999.0000 9999.0000 9999.0000 9999.0000 9999.0000 9999.0000 9999.0000 9999.0000 9999.0000 6.8528 7.4405 9.8296 8.3192 9999.0000 7.4740 7.0064 9.1845 12.4509 6.9606 7.1401 7.5092 7.9373 7.7467 8.5816 11.2774 13.1160 12.5708 10.2581 7.4243 7.9950 8.5137 8.9323 9.8681 11.9195 9.6047 10.1161 10.0392 8.0140 8.5247 12.8848 15.9527 12.7442 10.5905 12.6922 11.4989 10.8046 11.0826 10.0937 8.1077 8.5584 9.7240 10.5449 11.1142 11.1835 10.6695 10.6518 10.8589 11.3492 11.6793 12.9923 9999.9000 9999.9000
9999.0000 9999.0000 9999.0000 9999.0000 9999.0000 9999.0000 9999.0000 9999.0000 9999.0000 9999.0000 9999.0000 9999.0000 9999.0000 9999.0000 9999.0000 9999.0000 9999.0000 8.5912 9.5193 10.3637 10.6603 7.5311 6.6594 7.4059 8.8287 12.6462 8.3908 12.6738 10.3791 10.8324 7.6282 7.7842 8.9931 7.6008 9.3239 11.4584 8.8249 10.7970 10.1594 8.6607 9.8386 16.8924 9.6744 13.0435 14.0903 11.7415 10.7706 10.4189 10.5502 9.3734 8.9473 9.2857 10.6193 11.6072 10.6757 10.4106 10.2301 9.6174 9.2574 9.7692 11.8749 12.0722 9999.9000 9999.9000
9999.0000 9999.0000 9999.0000 9999.0000 9999.0000 9999.0000 9999.0000 9999.0000 9999.0000 9999.0000 9999.0000 9999.0000 9999.0000 9999.0000 9999.0000 9999.0000 9999.0000 7.8304 6.6116 7.7753 10.4226 9.8136 6.6756 6.9823 10.7059 9.8618 6.7182 12.5702 6.8326 7.4617 10.9810 7.5800 7.5272 6.5515 11.4158 9.7530 8.2275 8.2201 8.0430 8.4954 16.7372 11.2768 9.0881 10.8551 12.1026 10.0104 9.7939 8.8126 12.1509 12.2449 8.9690 10.0396 10.8530 11.1081 8.5735 9.3165 10.2009 9.7520 9.7150 10.2761 10.8373 12.5955 15.1028 9999.9000
9999.0000 9999.0000 9999.0000 9999.0000 9999.0000 9999.0000 9999.0000 9999.0000 9999.0000 9999.0000 9999.0000 9999.0000 9999.0000 9999.0000 9999.0000 9999.0000 9999.0000 9999.0000 9999.0000 7.8447 7.7584 7.7246 7.0152 9.7306 11.7022 7.0947 9.7486 13.1368 8.2271 6.4131 10.2690 7.2807 6.5285 7.8897 11.1372 7.1930 7.9490 7.8014 9.5874 10.8816 13.0356 10.0390 9.1353 11.1428 11.5760 9.6618 8.8127 8.6333 9.3196 10.6295 9.7787 11.2532 13.4566 8.7169 8.1981 8.5184 8.8056 10.4204 9.9958 10.5187 11.4436 14.5379 13.1097 12.6184
9999.0000 9999.0000 9999.0000 9999.0000 9999.0000 9999.0000 9999.0000 9999.0000 9999.0000 9999.0000 9999.0000 9999.0000 9999.0000 9999.0000 9999.0000 9999.0000 9999.0000 9999.0000 9999.0000 9999.0000 9999.0000 9999.0000 7.2996 10.3473 7.7255 7.2684 10.0159 8.1413 11.4652 6.9230 8.4451 7.1801 7.3972 11.1967 7.9479 6.5652 6.6690 7.9859 11.0184 13.3318 10.1608 10.7270 14.0472 12.0292 9.5889 11.0214 9.5607 8.9201 8.5113 9.8650 10.5880 11.5462 16.0897 8.4397 7.9168 7.8342 8.8590 9.3305 10.5087 11.3348 11.7498 11.5449 12.1262 11.3552
9999.0000 9999.0000 9999.0000 9999.0000 9999.0000 9999.0000 9999.0000 9999.0000 9999.0000 9999.0000 9999.0000 9999.0000 9999.0000 9999.0000 9999.0000 9999.0000 9999.0000 9999.0000 9999.0000 9999.0000 9999.0000 9999.0000 8.3923 7.6542 6.9555 9.2180 9.5672 6.4796 10.4017 12.9063 7.3281 6.6993 8.5133 12.8776 7.2384 7.2742 7.8372 9.2220 17.3358 8.8931 8.6104 9.2558 12.1048 10.1314 8.5012 8.7045 8.5988 10.2588 11.6905 15.5011 11.6806 14.5435 12.3249 9.6280 8.2494 8.0431 9.0749 9.5321 11.6796 11.3685 10.5816 10.4368 11.1997 10.4515
9999.0000 9999.0000 9999.0000 9999.0000 9999.0000 9999.0000 9999.0000 9999.0000 9999.0000 9999.0000 9999.0000 9999.0000 9999.0000 9999.0000 9999.0000 9999.0000 9999.0000 9999.0000 9999.0000 9999.0000 9999.0000 9999.0000 9999.0000 9999.0000 6.7199 7.4386 7.4485 6.7357 7.9676 9.6154 9.5386 7.7134 7.5326 8.3300 7.1381 8.1195 8.3153 10.9812 12.7765 8.5621 7.3626 8.1903 11.1639 10.5911 9.0813 9.6304 9.6207 10.2189 10.5553 10.4807 10.4046 14.1032 9.7937 10.7755 8.1083 8.2201 8.9968 9.5519 12.4903 8.4928 9.3110 10.4388 10.6416 8.3856
9999.0000 9999.0000 9999.0000 9999.0000 9999.0000 9999.0000 9999.0000 9999.0000 9999.0000 9999.0000 9999.0000 9999.0000 9999.0000 9999.0000 9999.0000 9999.0000 9999.0000 9999.0000 9999.0000 9999.0000 9999.0000 9999.0000 9999.0000 9999.0000 8.2459 8.6073 7.5408 7.9754 6.7381 6.6788 6.6556 7.3477 6.9215 7.4250 6.8592 6.6876 7.2541 13.0199 8.2782 9.3141 7.0112 7.5465 12.2179 9.6225 8.1354 7.8157 8.4174 9.5410 9.9460 8.8051 8.7345 16.7686 17.0897 8.5187 8.1919 9.3918 8.7572 10.6641 8.8403 7.1997 8.8966 10.2555 13.1693 12.1510
9999.0000 9999.0000 9999.0000 9999.0000 9999.0000 9999.0000 9999.0000 9999.0000 9999.0000 9999.0000 9999.0000 9999.0000 9999.0000 9999.0000 9999.0000 9999.0000 9999.0000 9999.0000 9999.0000 9999.0000 9999.0000 9999.0000 9999.0000 9999.0000 9.1844 10.8620 7.7565 9.5883 7.8599 7.9331 7.6146 7.6169 8.4262 7.9567 8.0192 6.7294 8.6931 12.0526 7.9960 9.0180 7.3755 7.0885 11.0524 7.0076 6.9330 6.9115 8.8202 9.9277 8.5291 9.0316 16.0987 13.2450 12.5388 16.0723 8.7138 8.0147 9.5322 8.5809 11.2244 7.8391 8.3002 9.3627 11.6298 12.3613
9999.0000 9999.0000 9999.0000 9999.0000 9999.0000 9999.0000 9999.0000 9999.0000 9999.0000 9999.0000 9999.0000 9999.0000 9999.0000 9999.0000 9999.0000 9999.0000 9999.0000 9999.0000 9999.0000 9999.0000 9999.0000 9999.0000 9999.0000 8.4488 8.8403 9.9189 8.5951 9.6701 12.9620 10.5751 11.9325 8.6927 10.8134 9.4139 8.6653 7.4365 12.9585 8.7458 6.6519 8.7131 9.0473 6.5658 10.6108 10.6090 6.7241 6.6140 8.7588 8.0348 8.1131 10.6146 12.8296 9.1743 8.4053 12.5153 9.6118 7.1715 8.8091 8.5136 16.1429 8.2830 8.0697 10.1392 9.8068 8.9828
